1.23123
1.32888
2.49873
0.288859
-0.520193
0.38633
-0.0659369
-0.569766
1.15381
1.14624
0.102085
-1.49071
0.432752
0.0560885
-0.678109
0.260773
-0.218717
0.463673
2.59642
0.78068
-0.624821
0.888127
-2.06757
0.0102769
0.346106
0.589708
-0.304035
-0.451788
0.574981
1.43167
-1.04953
-0.148511
-0.285829
0.591659
0.761891
-0.376741
0.201403
1.67287
0.304665
-0.0070782
-0.613742
0.126407
0.300683
-0.144793
-2.23039
0.916948
0.181486
1.5919
-1.05557
1.28858
-0.462153
1.36152
0.121829
1.74999
0.673333
-1.37568
-1.78356
1.62827
0.252662
2.65218
0.953324
-0.679629
-0.219529
-0.391803
0.293698
0.365173
1.29496
0.529096
-0.170224
-0.0322841
0.128929
-0.580422
0.842184
0.487745
1.70456
0.620378
-3.12727
-0.596488
-0.300726
0.088027
-2.08282
-1.63111
-0.0802634
-0.448913
0.772906
0.0327466
1.07684
0.381348
1.11309
3.60235
1.31616
0.693429
-0.405624
1.41398
0.63118
-0.364131
-0.863977
-1.14374
-0.291835
1.01037
-0.0189375
0.709654
0.424203
0.12704
-0.972425
-0.0609289
0.106769
0.807745
-0.210277
0.308137
-0.0686902
1.24982
-1.85379
0.834885
0.212433
0.872409
-0.135802
0.594762
0.180183
1.46621
-0.846159
-0.41589
-0.61161
0.526693
-0.707725
-1.40074
0.29021
0.392553
0.124107
0.980267
0.808323
-0.574758
0.448392
-0.862114
0.949705
0.786005
-1.90309
-1.53231
0.770333
-1.07115
1.77887
0.759121
0.2815
-1.74067
-0.968739
0.98629
-1.43226
0.878923
-1.20532
-0.45657
-1.0264
1.7431
0.0214076
1.40096
0.519215
-0.256776
0.16163
0.153181
0.517856
-0.572385
-0.50396
-0.515469
-0.914628
0.339996
-0.0756396
-0.0739173
0.391324
1.04546
-0.463094
1.48146
1.82929
1.1002
1.67005
0.0990544
-0.453334
-0.351395
-0.105356
0.675777
-0.516724
2.05624
0.746006
1.04974
-1.52465
0.0159197
0.463873
-0.989603
-1.00893
2.46694
1.13321
-0.859933
-1.2822
-3.49172
0.359483
1.43777
-1.57883
-0.193206
3.29544
0.258292
-1.17692
0.064978
-0.761729
-1.22712
-0.00780398
1.03326
-0.0834019
0.832475
1.44772
0.133299
0.173481
0.268394
0.894186
0.903268
1.295
-1.27899
-0.186626
-0.230952
-0.94082
-0.169676
-1.79734
0.125192
0.992819
-0.996424
1.27068
-1.01518
-0.618706
0.548066
-1.24657
0.109961
1.36515
-0.00302638
-0.62083
0.774286
-0.633309
0.458614
0.41066
0.0877699
1.38425
0.201114
1.55125
-0.953839
0.746526
0.314696
-0.0568655
2.17524
1.19198
-0.443855
-0.21776
0.373807
-2.04776
-0.555626
-0.48338
-0.220465
0.0872317
-0.653439
-1.6074
1.50586
-0.0973235
-1.27959
0.992773
-0.163903
1.10844
-0.67006
0.564063
1.41942
2.00643
0.905375
-1.26642
-0.950895
0.455925
0.114258
0.767293
1.0386
-0.48693
0.238591
-1.46061
-0.368833
-0.707106
0.770842
-1.43262
-0.366226
-1.12188
1.30947
2.15329
0.0569549
0.705625
-0.330983
0.539365
1.83223
-0.656321
1.6417
0.492855
1.77662
1.04775
1.96756
-0.585487
1.55923
-1.98298
-1.09248
1.09854
0.553562
-1.18213
1.56484
0.451104
0.437416
-0.656593
2.91677
0.674692
0.134427
-0.154409
1.39727
-0.46112
1.31566
0.210002
-0.688798
1.27751
0.451804
0.641469
0.79111
-1.75406
-0.913372
1.03266
1.82818
2.24797
-0.652322
0.722738
-0.0372228
0.408262
1.19772
0.698459
0.749519
0.486335
1.98321
-0.103089
-1.62708
-0.626872
1.29695
-2.50175
-1.71295
-0.334948
-1.02362
-0.145716
-0.904747
0.317005
0.771416
0.263762
0.00308447
1.54381
0.850485
-1.23853
-0.0481016
1.16821
-1.46567
1.12686
0.795958
-1.3431
-0.1992
-0.237383
0.466489
-0.71964
0.587515
0.586724
0.890336
0.0598341
-0.94993
-0.149743
-0.162041
0.708492
1.1928
0.0457587
1.14721
-1.09783
0.00460934
-0.211308
0.613778
0.359295
1.66059
1.0976
0.917313
0.141371
1.16198
-0.263447
0.270331
-1.11365
1.60311
-0.0868581
0.472867
-0.0109309
0.907666
2.07525
0.581361
1.52522
1.26589
0.820732
-0.0553593
-1.79784
1.99857
1.89667
-1.15838
-1.15045
0.125593
0.329403
0.315215
0.203284
-0.838923
0.968755
-0.52596
-0.691208
2.38991
1.69103
0.0867002
-0.578958
0.563602
-0.501706
0.385433
1.00425
0.418547
-1.71539
0.733437
-1.33136
1.38754
-0.465255
0.643637
1.37111
1.02226
-0.401239
-0.188654
0.212033
-0.987342
0.934643
-0.238463
1.97648
-0.323412
1.07153
-0.0961627
-0.482223
1.15971
0.495622
1.16141
-0.0795844
0.729723
-1.31905
0.397378
-1.14214
1.64069
1.0624
-1.3529
0.887264
0.924854
1.20417
0.582452
0.79731
0.232939
2.0964
-1.23614
1.73994
-0.983414
-0.392705
0.672947
0.0967105
1.39385
-0.555783
2.18877
2.34379
0.451938
0.60502
0.858542
1.34267
0.866384
0.198866
-0.519834
-0.398523
0.623663
0.212286
0.853357
1.6389
0.136564
1.16093
-0.261264
-1.21844
0.945598
0.978456
0.327886
-1.39153
1.24189
-0.00478163
-0.384737
0.330752
2.06578
0.565406
-1.15946
0.847679
0.490772
0.972717
-0.630767
-0.251038
2.22287
0.999344
1.21335
-0.455241
0.0381912
1.76712
-0.709098
-0.0119731
1.37591
-0.227567
0.521383
-0.773853
2.69342
0.716178
0.139454
-1.14024
-0.253572
1.87688
-1.16979
1.91697
0.622791
-0.321575
0.119716
0.0711788
2.30119
0.453339
-1.2372
1.54319
-0.626785
0.536321
0.0530436
2.29962
0.0841462
-0.318094
0.759823
1.05882
-0.46146
2.69365
0.768602
-0.558173
-0.200204
1.4327
0.627439
-0.0226967
0.131191
0.173059
2.38153
0.35224
0.773379
0.0901343
1.59203
-0.604282
0.941678
1.06638
-0.878637
-0.125033
0.50921
0.859423
0.268313
1.36263
0.713294
0.464197
-0.594412
1.5511
0.976639
-1.94192
0.647668
1.21287
-0.644713
1.13029
1.35995
0.141542
0.593661
-0.645757
1.22064
0.94422
2.27173
0.323038
-1.30511
-0.571509
0.0861164
3.2464
2.30839
-0.752097
0.147885
0.784036
2.04136
-1.02349
-0.0858876
0.304931
1.04709
0.382772
0.137998
0.971625
-0.246099
0.856009
2.1083
1.11861
0.102933
-0.544658
0.045568
-0.157072
1.42407
0.748575
1.9408
0.686182
1.34052
2.08638
0.840556
-0.378833
-0.175548
1.07218
0.467177
0.25557
-0.960044
0.933179
-1.21146
3.66561e-05
-1.21377
3.0762
2.65065
-1.61128
1.98013
1.80521
-0.602439
0.113369
1.66987
2.4419
0.921964
0.0909614
-0.760462
-0.0393648
0.443884
1.72505
0.217002
0.851512
0.171259
1.88894
0.579436
-0.801542
-0.28424
-0.918258
0.54809
1.72139
1.03222
1.84163
1.81653
2.42101
0.161662
-1.06308
0.0742425
-0.30555
-0.98398
1.27068
-0.569141
-0.27286
-0.0871139
1.31859
0.574475
-0.00684216
-0.804864
0.955372
0.693355
0.709913
0.90868
-0.183529
-0.555383
1.23872
2.98799
0.945631
1.24158
2.3146
0.37151
-0.49438
0.687694
0.113374
0.677169
1.96953
0.341564
-0.927661
0.427563
1.15905
1.51002
1.0489
0.706588
1.52969
-0.0945563
0.747568
1.13631
-0.204895
2.03588
2.39946
-0.164825
-0.218315
-0.791478
0.438695
-0.706322
2.10793
2.30455
0.997131
0.0801353
1.54309
0.633871
1.92951
1.66896
0.533456
0.313398
-0.540528
0.731328
0.621178
-0.20944
0.854987
0.305464
1.45
1.97258
-0.49668
0.255006
0.30723
0.442271
0.0728162
1.90069
1.38676
1.11866
-1.60482
1.0739
1.0225
0.160336
1.15709
1.17805
1.1182
0.939198
0.588297
0.730627
0.729484
0.220171
0.255228
1.12245
2.7843
-0.356411
0.963992
1.0979
0.962576
0.713122
2.47094
1.58034
-0.151668
0.369221
0.828109
1.1601
0.602302
0.258261
-0.141674
0.502687
-1.0263
1.05099
0.0750811
-0.302805
1.24304
0.179733
-0.017438
-0.409405
-0.418603
-0.280451
1.94676
2.40099
1.10024
0.467038
1.28892
-0.26391
1.34779
1.69533
-0.486668
-0.826021
0.10533
1.83359
0.329349
1.03563
0.901743
1.99301
1.31427
1.27285
1.43662
0.684609
0.0313417
1.19423
1.10857
1.01473
-0.355561
0.157816
-0.810169
0.931054
1.36009
0.54438
0.628497
0.538808
-0.0956774
0.969959
1.72169
1.9847
2.59103
0.308295
0.0666659
2.81921
0.620627
1.74858
2.19363
-0.513007
1.54422
-0.334825
-0.207617
0.457894
-1.11145
3.03412
-0.0993257
1.11247
-0.334147
0.976634
0.580874
0.315835
3.54731
1.02838
2.11584
2.41211
0.218484
-0.236837
1.48696
0.349958
2.02856
-0.0984549
0.0366702
1.52202
1.35561
2.61426
0.463256
0.524201
-0.413821
1.1944
0.458325
-0.424184
1.10024
1.08335
2.16825
2.39278
-0.593389
0.961672
-0.384148
1.79418
-1.21641
2.41602
-0.822074
-0.432415
2.45846
0.585755
2.9611
1.08624
1.65464
1.74046
1.35053
0.468981
0.952307
0.182805
1.5337
0.700991
3.16105
1.97879
0.650609
1.63622
3.03027
0.402533
0.299398
0.454775
1.22997
0.43774
1.01228
-0.119661
2.33778
2.88847
-0.202086
0.677133
1.35329
-1.27104
1.68728
1.35163
1.30968
-0.277338
0.00306607
0.610407
1.53306
1.58554
0.351228
2.54849
-1.26072
-0.664939
1.41618
-0.118267
2.57659
0.0701266
2.56396
-0.885228
0.7236
0.224961
0.987944
2.0413
2.59316
-0.095135
0.807316
0.807929
0.562693
1.65498
0.902826
-0.382484
1.67987
-0.356852
0.413518
2.30118
1.5001
-0.831
0.17091
1.72734
1.95324
1.56606
1.89613
2.42581
0.0302827
-0.560589
0.281746
1.00367
2.53626
-0.859635
1.10408
2.13987
-0.0386197
1.73801
0.794434
0.978364
-0.47331
0.623585
-0.401095
0.0789952
0.524267
2.00493
-0.352613
1.42031
2.24732
1.48485
2.09122
2.43415
2.52771
0.335717
1.51287
0.304146
1.85452
1.5931
-0.617428
-0.812149
1.76511
1.87745
0.714007
0.896114
0.1268
0.556383
3.61378
0.650623
1.5843
1.85638
-0.541279
2.24725
2.38493
1.03604
2.27916
1.87342
0.488161
1.14976
2.96701
0.780269
1.40006
1.04833
3.32419
-0.33069
0.949452
0.890565
3.25598
-0.269531
-1.12235
0.349384
1.25705
1.75337
0.634584
1.93463
-0.0695536
0.758517
1.30117
3.11548
-0.580228
0.451214
0.327388
1.94
0.149856
1.4732
2.09042
0.158526
2.34771
-0.0561006
1.64656
-0.0119471
0.406349
2.41758
0.175966
1.21051
0.879001
1.1031
0.885973
1.20509
1.35035
0.550315
0.430445
-0.411618
0.385757
-0.788815
0.60302
1.76916
1.47548
0.942453
1.15361
1.4876
1.91219
0.735153
2.79929
-0.160373
0.852516
2.53489
0.044926
1.9907
2.5931
1.28424
2.04615
-0.417957
0.8641
1.4881
1.91554
2.11364
-0.0238102
2.06792
2.15643
0.29019
1.01676
1.10848
-0.988024
1.13791
1.54587
0.882243
-0.330032
1.03708
2.10018
-1.31395
-0.405155
-0.0968189
1.3561
1.72701
1.28934
-0.306689
0.615221
2.01589
0.0464488
1.75439
0.0681949
0.647623
2.15738
1.75719
2.30956
1.90108
2.87428
-1.03437
0.553026
0.259606
1.38459
-0.752984
1.04177
3.30322
1.12593
2.09691
1.74851
3.07902
-0.208298
1.03866
1.93471
0.941809
2.63328
0.910553
0.689512
2.17641
-0.183773
2.79026
0.0545598
1.20827
2.6061
0.671099
1.93614
0.487854
2.1478
2.37769
1.27298
1.71413
1.77502
0.713133
1.02963
1.53084
-0.534277
2.54589
2.9727
2.20497
0.351276
1.78719
1.26532
-0.389832
1.81296
3.17694
0.687776
2.89718
0.240477
2.79909
0.922655
1.24413
1.17691
1.66363
2.60711
-0.269955
1.98983
-0.54241
1.27598
-0.0810014
0.0537675
2.65342
-0.104286
0.431052
1.14729
1.90471
1.99848
0.763982
1.45837
0.617389
0.661503
2.48947
1.32146
1.13263
1.00228
1.31252
0.72917
0.250689
1.70355
1.1846
2.00084
0.334465
2.11059
1.9476
0.734943
1.0422
0.65567
1.49254
1.37524
0.895556
2.42239
-0.49598
2.06671
0.72719
1.00686
1.73959
0.733004
1.52236
0.799955
2.5685
0.561574
1.90483
1.33567
1.2536
2.65948
0.553615
1.17982
2.13537
2.03688
1.68524
1.15543
0.369157
0.478015
0.717839
1.5912
0.93001
0.67693
-0.134852
-0.827632
0.86638
0.708118
1.64301
2.84918
0.251421
1.5023
0.964645
2.71025
-0.456901
4.20525
0.883548
1.0156
2.59325
1.38706
1.40243
1.90169
-0.0553684
1.62571
2.82084
1.90094
2.75072
1.72758
3.38959
-0.0727873
1.50638
-0.0644644
1.33039
1.22825
2.11879
1.23983
1.33306
0.929851
2.43126
-0.0273909
1.14695
0.983742
0.0875757
2.47144
-0.696609
2.08724
1.82355
1.70071
2.13311
-0.154091
-0.0571481
1.4476
0.954174
1.27952
0.950116
2.4365
2.51231
-0.720111
0.222667
1.51995
1.25939
0.705193
0.199253
1.57715
0.506487
1.44769
2.90504
2.01924
0.443709
1.53446
0.220681
1.94998
3.5563
3.29618
0.912761
1.02406
2.89537
1.59006
0.66499
2.27048
0.465165
1.27867
0.999242
1.0915
1.45589
1.91328
1.869
0.305172
1.32257
2.31808
1.70437
-0.49536
3.64351
2.13223
0.518498
2.27602
1.23532
1.31665
1.83264
0.105624
1.76895
0.208976
1.9441
0.858447
0.701881
-0.290167
0.282617
1.66746
1.24027
0.599934
2.77232
2.30087
1.96968
2.78852
2.20959
2.32696
1.19925
-0.341902
1.18593
2.67698
1.12878
1.18118
0.508372
-0.427993
1.95706
2.26033
2.54185
2.93667
1.0684
2.12703
1.56081
0.944721
1.31324
0.761529
2.14544
0.984287
1.25391
0.541955
0.934169
0.0825356
0.600407
2.60522
0.404531
3.48358
0.782503
1.55669
0.566064
2.25339
1.70102
2.28581
2.41568
0.701232
1.60398
0.789481
1.91861
2.17556
0.654128
1.79628
-0.459181
2.90138
0.348298
0.416765
1.58704
1.94698
2.70794
2.10067
1.10774
1.05603
0.622046
2.09686
1.39893
2.68153
1.79763
2.8368
1.61204
1.40866
1.79544
0.584004
1.95133
1.24638
-1.04779
1.19846
1.38123
1.22246
1.59874
1.61605
0.647437
1.22217
3.2874
3.20304
0.997423
1.43787
2.61809
0.892456
1.98683
1.48442
0.825834
1.00871
1.68513
1.19552
1.5972
1.43293
-1.60966
0.411399
0.835149
1.5464
2.67206
2.16162
0.597733
0.822566
1.50809
-0.2637
1.23927
1.24985
0.337757
2.57602
-0.633931
0.803211
1.97656
2.48845
0.294825
1.13708
-0.553052
3.97721
0.94893
2.79766
1.099
1.50362
1.40127
2.46265
0.408172
3.22362
2.54665
2.00776
0.795733
0.956996
2.45611
1.45098
1.56596
2.67225
0.515766
0.702668
3.10176
2.03687
0.656144
0.36938
2.23584
1.64396
4.08229
0.774138
1.349
0.90072
-0.274098
0.673352
1.31987
1.93932
1.06839
3.35845
2.45021
0.726621
1.39203
0.182758
2.9954
3.67458
1.86047
3.01348
2.24807
2.57149
1.08933
-0.0432358
0.100551
0.713576
0.0545165
1.20502
2.05963
2.16603
0.923553
1.29822
-0.516447
1.53939
2.39062
1.5246
2.41031
1.71478
1.54591
3.38611
1.54968
1.94819
1.79138
2.62183
1.32792
1.6106
3.24496
2.44741
2.18574
0.168567
0.355838
1.62306
0.743426
2.49636
0.569745
1.57815
0.337912
3.11799
0.608864
3.20525
1.95276
0.392161
1.21162
-1.01635
1.40339
0.346888
0.786469
0.900943
2.05355
2.09445
1.63919
0.0972875
1.35975
1.31155
1.568
1.16984
2.55053
2.30858
2.61254
2.02238
2.61243
3.54182
2.42201
1.45217
2.75995
3.35139
-0.230716
2.31904
1.09522
2.12077
3.4441
2.31783
0.773082
1.40166
1.65058
1.82429
2.36713
1.52907
0.669014
2.57738
-0.413425
2.91744
1.85599
2.4249
-0.0761942
1.51411
1.27837
-1.12077
0.60539
1.29176
1.67107
1.85237
1.76147
1.4073
2.16437
0.778903
1.87483
1.52011
1.2696
1.78343
1.07764
3.11944
0.27618
3.17677
0.355513
1.48094
1.75172
0.88214
0.84235
1.92134
0.785366
-0.50662
2.82519
2.01781
1.76543
-0.0134305
1.81163
0.608571
0.982752
-0.324181
2.42693
1.97161
0.0433196
2.5694
1.54005
0.782659
2.19576
1.49736
2.89304
2.10612
-0.369952
0.298513
2.19786
-0.60483
0.751447
2.44242
0.8788
0.600998
2.44972
2.17696
1.38733
1.52982
2.27522
1.32219
1.92799
2.30209
1.56392
1.93344
1.43522
0.862551
1.94692
1.38686
0.3411
3.0247
0.336755
0.952335
1.48843
0.853726
2.2328
2.6777
2.98915
1.35689
1.17919
0.941133
1.48059
0.160887
0.694543
0.928868
2.53625
1.01106
1.493
2.35907
2.12134
2.68283
1.09005
1.9609
1.69909
1.21273
1.24025
1.89285
1.71581
1.48091
1.92231
1.45333
1.01832
0.24762
1.09471
1.55703
2.93788
3.28199
2.11459
1.43136
1.29512
0.641039
1.66258
2.55244
0.372682
3.65129
0.987651
2.29981
1.37818
2.65026
2.30502
2.24122
0.985389
-0.267318
1.97349
0.991937
0.767587
3.65249
2.897
2.73769
1.64302
0.997723
0.988217
1.8357
0.299285
2.86969
2.27019
0.102323
1.02118
1.16995
0.0269781
1.06948
1.06692
0.445451
-0.0838259
3.75085
3.61437
1.22506
2.34253
1.35117
2.0209
2.9251
2.87168
2.81614
2.48765
2.198
1.98213
2.07511
2.1924
0.0996486
3.51423
1.93307
2.17055
1.88471
0.439485
1.85275
2.12393
1.20756
1.99964
2.13433
4.64416
1.65216
1.34399
3.22003
0.299759
2.52272
0.608791
2.33688
0.408399
3.3851
-0.594967
1.42974
0.893032
1.74838
0.0121112
1.12525
2.94235
1.60684
1.83093
1.38457
1.84143
1.18679
0.582863
1.87635
2.11252
-0.21844
3.27205
3.22394
-0.519829
2.85835
3.9255
1.9727
0.435699
1.70542
2.57807
0.797889
2.57772
1.23022
2.31613
1.31866
1.30861
2.1131
2.13182
0.912393
0.49436
2.63346
2.26204
-0.587325
1.14779
2.27454
1.16847
1.15644
2.42486
2.20121
1.88376
1.56392
1.99269
2.2902
2.94114
1.82329
1.0521
1.7233
1.11194
0.947231
3.30758
1.71746
2.22269
1.47906
0.7475
1.7314
2.07022
2.08106
2.72922
2.10839
3.32524
3.4898
2.15891
1.50002
2.37961
0.953563
1.18651
-0.533444
4.16026
1.70116
0.653716
-0.352086
0.44364
3.09942
2.31053
2.86873
0.100388
1.95313
2.71816
2.8243
1.55172
0.681926
2.06859
2.05684
1.6965
2.58728
2.13685
1.30573
1.31321
2.78551
0.990047
1.84197
0.646078
-0.308643
0.812278
2.10414
3.12866
2.13609
3.05914
3.97309
0.65706
1.55693
-0.279282
1.08603
1.78409
4.07555
2.82534
1.58794
2.12634
0.193462
1.31202
2.59191
3.15789
1.3091
1.38222
2.83756
3.16429
3.58975
1.45112
2.25743
0.106696
1.99877
1.0771
0.848848
2.61471
1.9757
4.12009
2.38442
1.40312
1.31432
1.82533
1.69385
3.24976
3.9072
1.95775
1.68837
3.80676
3.42654
-0.797328
2.75133
2.15066
0.868195
2.47413
2.69497
0.382978
2.84763
0.543491
1.77206
1.35497
2.52833
0.453367
-0.423818
1.4919
1.74298
1.75021
2.21828
0.884544
3.25341
3.30568
3.72006
0.955109
1.45335
2.1502
2.13181
3.18817
3.82311
2.27409
1.37103
2.70459
1.91003
1.75151
1.78366
2.79931
2.94489
3.56309
3.27498
3.53016
4.56515
1.61464
1.50523
1.43625
0.820601
3.02451
2.29972
1.36367
1.68323
1.44816
2.70405
2.1403
1.26588
0.506009
2.65051
1.83494
1.20849
1.34346
2.1733
2.91518
1.38623
1.45446
1.78032
1.46831
1.28008
3.12834
0.484176
4.73681
0.31254
2.18193
1.6634
0.0156009
2.73254
0.852204
1.68778
2.36007
3.05551
1.39802
2.62266
0.523365
1.64563
0.274734
1.5397
1.30596
4.90865
4.18673
3.87233
3.20017
2.45985
1.6027
1.51349
2.19277
2.70548
1.91354
2.34806
3.51469
1.64573
2.55972
1.14793
1.97503
0.729238
1.37653
3.20066
3.33159
1.45483
2.2362
3.60024
1.8435
3.21119
4.37418
3.82166
1.71156
3.68659
1.75564
2.24594
0.702278
1.52404
0.876961
2.90951
1.91463
0.610891
2.61889
2.63587
2.46704
1.37328
1.69949
2.273
2.12086
0.48602
1.28469
3.15129
3.06062
2.04273
1.73421
1.59753
0.643716
2.92738
0.231906
2.8483
0.620142
2.64827
2.75418
1.48116
0.88262
2.52304
2.17171
1.558
1.46878
0.479614
3.09172
1.72989
1.67117
1.71279
-0.108961
3.68504
1.7664
0.682935
1.84503
2.90228
2.19853
3.29019
0.937632
2.96894
3.65707
2.99671
2.14453
2.10056
2.20865
3.9702
2.58485
3.38897
3.87058
3.10856
2.58432
-0.197708
2.83419
0.786015
3.73324
1.05958
2.48427
2.96019
2.91713
2.06606
3.01579
4.09575
2.22769
2.36256
1.39663
3.5852
2.96988
2.1325
4.53384
1.00479
2.71853
2.46443
2.85377
1.15451
2.60814
2.99832
1.92208
3.14576
1.11439
1.30456
2.95792
3.18858
0.305257
2.13775
2.90591
1.85679
3.57485
3.83651
1.07841
3.09465
1.43602
2.79353
2.63812
3.13453
0.805357
2.37068
2.60605
2.89954
2.6886
2.1245
2.20712
3.69022
1.29666
3.82257
3.54173
3.16285
2.29037
2.63837
1.51203
1.87913
4.11472
2.80011
2.51405
3.16429
1.8477
1.32238
3.66731
1.35378
2.2602
3.89938
1.76793
2.9511
2.82672
3.18528
3.58704
1.91714
4.19974
2.39829
3.84108
1.95426
3.74518
2.48135
4.10314
2.53761
2.76345
2.77372
2.90536
3.11198
3.96637
2.77755
3.69366
3.94803
2.66202
4.74741
3.53096
2.49843
2.07613
2.81256
4.70907
2.78779
2.84959
3.93901
3.10144
3.70476
1.2806
2.34332
2.3644
4.48112
3.60206
4.82549
4.32438
2.60251
3.9973
3.73459
4.3813
2.16044
2.8768
4.95504
3.23961
4.25691
3.76003
3.51246
3.88241
2.54471
4.85054
4.12244
3.19075
3.68925
2.92485
3.265
3.34846
1.72896
2.92779
5.31287
2.3406
4.76155
3.87092
2.96728
4.21461
4.3543
2.48438
3.83907
2.82747
5.72544
3.18322
2.50889
2.96765
2.24136
2.76607
4.35078
2.7028
2.79802
4.80537
3.58421
2.8377
4.32472
3.06001
5.555
3.3817
4.79972
4.81155
4.60609
3.31377
2.12522
5.08955
3.81251
3.02363
3.51541
5.27851
5.326
4.24592
3.89093
4.174
5.18673
3.34092
3.39865
3.8465
3.32467
3.86068
4.15963
4.13084
3.59878
3.51126
2.94088
4.91764
5.94772
4.02515
3.18338
3.20129
3.58904
4.27637
4.17473
3.8996
3.33628
3.24182
5.05876
4.66746
4.9504
3.24385
5.85298
4.54469
4.08095
5.44695
4.37406
3.91478
4.20287
3.84077
3.39818
5.43848
5.567
5.4353
3.38946
3.16883
5.34607
2.60566
4.53416
4.6745
6.1089
3.77114
5.40418
4.20255
5.23856
4.63001
5.9025
5.25695
6.5235
3.63337
5.86354
4.17782
4.05144
4.67409
4.46055
5.2159
3.97345
5.18404
3.58399
4.12437
3.72917
5.02284
4.28828
6.079
5.97054
2.46095
4.51899
4.72298
6.1684
4.92593
3.71247
4.42444
5.64596
4.42398
3.25338
5.85404
5.77218
5.99286
5.35093
3.71006
4.39078
2.96096
5.48639
4.15858
6.242
5.52957
5.57813
2.99193
4.09708
4.56627
4.97671
6.47933
3.90334
5.46404
6.8064
4.60493
4.66219
5.06942
5.90806
5.66536
3.43108
4.84252
4.82575
4.18565
5.14693
6.03912
7.32047
4.24192
3.98578
5.98144
7.0692
6.33873
4.46874
6.03685
6.45005
4.03951
6.09868
6.70146
4.88376
5.17086
5.67233
5.9614
4.47298
4.05736
5.18024
5.75305
5.46861
6.18102
6.24167
4.06636
6.78549
4.67556
6.39247
4.96521
6.17018
6.35814
4.1561
6.85132
6.39073
4.2864
4.75667
6.15135
4.35889
5.12921
5.76011
3.88892
5.23875
6.577
5.11616
5.40147
3.83602
4.24768
6.32355
2.8275
5.63045
6.47295
4.65554
5.56936
3.7468
4.21148
7.69162
5.81748
5.79429
6.30536
5.14383
6.02324
5.17561
7.8213
6.79645
5.49974
6.42509
5.89554
6.96789
4.81588
5.8894
6.39593
6.23543
5.17588
6.65186
6.28781
5.60622
6.04492
6.74852
5.04454
7.01197
7.1924
6.29346
7.27903
7.7146
5.37632
4.5135
5.48404
5.28577
6.10774
5.67323
6.82701
7.31243
3.85128
6.97371
7.0223
6.90673
7.27431
6.46778
5.75422
6.67432
8.53111
4.61585
5.54111
6.66529
6.23157
5.47587
5.34523
5.40572
7.59552
7.37943
4.88087
5.99337
7.15558
7.75706
4.76481
5.37641
4.25805
7.27814
6.8493
6.21265
8.29801
3.49005
6.07592
7.16683
7.13985
6.76657
7.39845
6.19887
7.29393
6.71658
6.44504
5.52153
8.05077
7.47287
6.9021
6.60848
5.78516
6.4258
4.62585
7.40286
8.37988
6.90693
6.44475
4.76692
4.16365
5.39358
5.47773
5.96035
6.4967
6.95867
5.00228
8.13769
7.49962
6.59108
6.46072
6.67695
6.3301
7.94769
5.51099
7.26054
8.51039
6.63919
6.67186
7.07292
7.00523
4.76746
7.81519
6.71508
5.51736
6.88038
7.78796
6.98948
5.31617
7.02898
7.16202
7.48599
8.07018
8.00209
6.79986
5.66914
8.09434
7.84855
7.37123
6.01326
6.77791
7.85848
6.55877
7.06344
6.23224
6.71876
8.0618
7.09849
5.72316
6.88722
7.01837
5.35859
5.29742
6.4542
6.55145
7.64952
6.01044
7.61821
6.31432
7.25072
6.18596
6.76506
6.7625
7.08275
6.1628
6.9234
7.49366
7.06688
6.94557
7.39496
6.2896
7.66243
7.13319
6.98503
6.95618
9.13916
8.43446
6.89537
7.90675
6.44178
7.27601
7.43527
7.47291
7.42568
5.9882
6.53458
8.55833
6.71131
7.38584
7.28307
7.049
8.21618
7.74258
7.02934
8.65637
7.74613
7.5186
7.5938
8.57483
5.15504
7.15253
5.77548
7.19451
7.71594
8.25842
5.89514
7.06191
6.84643
10.042
8.42609
6.61626
8.12875
7.9078
7.53111
7.72818
7.64902
7.03471
7.31457
8.30556
7.7333
7.94809
7.18122
6.29604
7.11703
6.35543
8.75257
7.78458
7.45725
7.24425
7.4537
8.41237
7.97411
8.38015
7.97686
7.6728
6.91198
9.16078
8.63405
8.29507
7.86606
9.21417
8.89219
8.30395
9.27629
8.49432
8.2355
6.98389
7.1299
8.62179
6.31255
8.43243
6.81433
8.14831
7.85747
7.14109
7.24453
8.25875
7.8422
7.75403
6.73442
9.00078
6.19667
8.33081
7.11705
8.64579
7.39129
9.49655
7.82319
7.18808
7.31747
7.91304
7.75627
8.32023
8.64721
8.5421
8.86745
9.01958
5.82301
8.14818
8.83236
7.57537
8.79241
8.61881
7.22006
10.9196
9.99243
9.70453
7.5163
7.68668
7.1333
9.12346
8.75866
7.15384
10.1327
6.84581
9.23087
8.30285
9.07149
9.12639
8.48927
9.3952
7.10106
8.13265
8.24819
7.09344
8.69743
8.42164
8.73512
7.43934
8.39768
6.85786
7.53044
9.19867
10.2498
9.63698
7.53308
9.55694
8.92896
6.95415
9.53408
9.78595
7.87429
8.90226
8.89946
8.733
9.00446
9.59147
9.34546
9.23757
7.33863
9.42968
9.66051
8.83473
9.68118
7.97049
8.34942
8.80673
7.10962
9.41906
9.6973
9.21556
7.15372
9.95763
9.72587
9.03597
9.12605
7.76613
9.44575
9.20186
6.4199
8.44426
9.76282
9.08664
9.21061
11.3341
9.63111
7.37351
7.66492
8.85981
10.1218
9.72825
7.96612
10.1717
8.47025
8.69706
9.20667
8.23265
10.478
7.49974
9.9238
9.33241
9.8359
8.824
9.81028
8.44792
11.3142
8.97058
9.7104
9.84913
9.5651
10.8345
9.00596
9.33726
8.59646
9.49157
10.8536
8.21208
10.0829
8.0688
8.6825
9.44993
8.65649
10.3749
9.95784
8.56654
8.76889
7.89143
8.64188
8.97544
7.89052
8.10849
11.0611
9.02602
9.47079
10.6486
9.11747
9.39332
7.84389
9.3498
10.3858
9.54733
9.87774
9.67427
10.6084
9.28875
9.20615
7.9178
7.55653
9.52125
8.38027
9.81515
9.50317
12.02
8.84727
8.47769
9.92266
9.02017
9.86242
8.55981
10.5589
9.19772
8.06594
7.45216
10.6814
10.0098
9.04873
9.29683
10.5057
9.33048
9.84304
9.23078
10.9981
8.49877
10.468
8.6553
11.5472
8.17083
9.1334
8.46582
9.83435
8.96854
9.09705
10.0766
10.0054
9.82687
8.25241
8.38525
9.21279
12.6236
10.8823
10.4522
10.6165
9.43864
9.82124
10.7839
9.83199
10.8547
10.0302
10.0541
9.38772
9.7723
9.16256
8.57327
10.987
7.77771
10.2899
10.9324
9.61883
11.9113
11.8615
10.4629
10.0375
11.1901
9.6425
10.492
10.0663
10.5786
12.947
11.7645
10.1784
10.5165
10.7895
11.879
9.32338
9.08281
10.5068
11.1703
11.1722
11.4246
9.84118
10.2194
11.9525
11.5263
11.4165
11.9451
11.2206
10.8534
10.184
8.9899
9.15953
11.9275
10.148
10.6581
9.02626
10.9966
10.4002
10.5132
9.4266
12.06
11.7081
12.3075
12.8129
11.3495
10.7015
11.4548
9.63482
10.0257
10.3711
11.3211
10.8557
10.6203
10.1281
9.10489
11.2754
10.7778
11.2675
10.0805
12.2423
11.4652
9.95062
9.71851
10.3517
9.22824
10.2391
11.1921
11.3542
11.1072
10.7795
10.7266
10.9538
11.1329
10.2327
12.4324
10.9591
10.4195
10.9005
12.633
12.0899
10.8432
11.0025
12.178
13.2553
11.2193
10.1469
11.4234
9.56623
11.5756
10.4886
11.0431
10.6717
10.5781
12.8773
10.3479
12.1127
10.5291
11.1412
11.3219
12.2134
12.1369
10.4701
11.1757
11.6423
11.2323
12.6457
10.9182
10.0272
10.042
10.6966
11.9276
12.2459
10.4069
11.0658
10.9766
10.0194
11.343
10.5074
11.4831
9.77098
11.156
8.87607
11.2199
10.431
13.0092
11.4166
11.5964
12.8103
10.5833
11.7091
10.5673
11.3825
12.6502
12.1388
9.19182
10.8587
14.1966
12.2491
11.2809
11.0709
12.105
12.6072
10.6357
11.6929
11.8337
11.9816
13.5742
11.6611
12.5043
12.462
12.1587
14.2206
10.1382
11.5488
10.5816
11.7874
12.0259
12.4227
11.167
12.7378
10.923
11.356
12.6974
11.0271
12.4342
11.5932
12.5071
12.6848
11.6738
13.2613
12.2882
11.4823
12.2939
11.7115
12.3748
10.3753
12.2535
12.1859
12.3839
12.7675
13.5291
9.87559
13.4584
12.4528
13.5781
10.1917
13.2339
11.9463
12.9626
12.1901
11.4685
10.9662
13.2503
13.453
11.4931
10.8879
12.4572
12.3895
10.9684
11.8923
13.0315
11.9747
12.0473
10.7629
11.6005
12.3468
11.2804
12.1292
12.8047
11.1722
12.1593
13.1673
12.1586
11.5165
12.0672
12.5032
12.9403
12.733
13.6225
10.8856
12.5836
12.5598
11.6602
11.7574
11.1186
11.2319
12.3264
12.2736
13.1296
11.4058
13.9071
12.42
13.587
11.3378
12.2713
12.6666
11.8374
13.0161
10.7885
12.4816
12.2268
12.9889
11.4868
13.0469
13.6689
11.7257
13.3781
12.3397
13.5738
13.4798
13.9054
13.1979
14.2329
11.9234
13.0667
11.8417
13.018
14.6082
12.7188
12.7504
14.0321
12.6638
12.5983
13.1692
13.2022
11.8711
13.8307
13.087
11.8247
13.2772
11.8792
12.881
13.3295
13.508
12.3918
13.1261
12.1354
12.4466
12.1366
12.9348
12.5938
12.945
12.165
14.8504
11.1145
13.3987
12.1791
14.3677
12.7173
12.0464
12.7358
12.2008
14.029
13.6247
14.5326
12.3146
12.2744
13.5936
11.8457
12.4503
14.1859
13.5376
14.1369
14.5188
11.6064
13.0163
13.9374
12.0261
13.3554
13.6567
12.4144
13.724
13.3616
10.7659
14.3548
12.7588
13.6035
13.2499
13.5693
12.7443
11.5451
12.9166
13.4144
12.9411
13.5431
12.3407
13.9798
12.9999
12.9029
12.9848
13.5368
12.1457
14.8084
13.1934
15.5276
14.85
14.5867
13.7608
14.2497
13.651
12.7062
15.088
14.4478
14.6416
14.4528
12.9456
12.3043
16.0269
13.7151
13.6236
11.5086
13.8082
14.3306
12.8559
15.7892
12.9647
11.8889
16.5396
15.3656
14.9195
14.4647
13.1404
13.3543
14.3802
15.7732
14.9652
12.9922
13.7852
13.3905
14.6081
14.8407
14.414
13.9805
13.8468
13.5768
15.4809
15.5261
15.2925
13.5063
13.5539
16.1867
12.6981
14.4639
13.9557
14.56
13.4288
15.5705
13.957
14.448
13.9347
14.8687
13.9454
12.6826
13.3605
14.5082
13.9846
15.7069
14.7599
13.027
12.13
14.8169
14.4751
15.1361
14.5573
15.7023
15.1629
15.6019
13.6862
14.542
13.1274
16.3603
15.3533
14.612
13.8754
14.7057
15.6693
14.1012
15.2384
15.0765
14.6494
15.1941
13.2392
14.4103
15.7874
15.5366
14.2118
14.1517
13.6538
16.1366
12.5596
14.0493
14.3294
14.9084
13.6953
14.5563
13.9525
15.0345
13.8835
14.0089
15.7738
14.7343
14.0208
16.4106
14.1543
14.5986
14.6829
15.0155
15.2477
15.6074
15.7661
15.464
13.1729
15.2948
15.1574
14.4745
13.2842
14.7182
12.737
15.5166
14.3684
12.7067
14.769
16.0903
16.1079
14.2998
15.7094
15.7707
14.8475
16.449
15.4213
13.9266
14.2989
13.3511
15.5114
12.9385
15.7185
15.0327
12.1258
15.3896
14.2499
15.5708
14.598
15.1727
15.4208
14.8393
12.7897
15.3297
14.8474
14.1026
13.8295
14.8958
14.0971
15.7478
16.6032
14.7886
16.3139
13.513
14.4942
14.8173
17.2128
15.7502
16.188
15.6379
15.2941
16.1564
15.3046
15.3357
15.857
16.7916
14.7271
16.2186
16.0866
14.7818
14.6086
13.7087
16.1987
15.6723
14.5557
15.6116
16.1944
15.5697
14.4446
14.9037
15.7459
14.1046
14.7986
13.4958
15.9853
15.0732
15.907
14.9321
14.4238
14.5917
16.0456
16.0023
14.4477
16.0006
16.7293
14.9091
15.2895
17.2455
15.827
15.224
16.1011
15.8737
16.3525
17.7781
15.6153
15.5896
17.4381
16.6523
16.1964
15.5418
14.3163
15.2195
16.2994
16.1769
15.0932
16.858
16.3582
15.7536
16.0374
16.8035
17.2188
16.202
15.5857
15.4457
17.4831
15.1926
17.7536
17.4484
16.0492
16.2493
15.4584
16.0968
16.023
16.1626
16.6091
13.2542
16.0981
14.9293
16.0505
15.0744
15.9295
17.2237
16.0036
17.7352
15.4591
14.5409
15.9937
14.9463
15.6146
17.6988
16.5029
16.9704
13.9504
18.8849
15.3937
17.8848
16.9889
16.0634
16.5623
18.2353
16.2076
16.6892
16.0783
14.6648
17.0912
16.8509
16.6295
15.5939
16.3334
14.2016
17.3398
16.6021
15.9786
15.9119
14.9103
17.1341
14.998
15.36
17.6515
16.2862
16.9388
15.8719
16.3425
16.8526
17.0726
16.9208
15.0189
16.4431
18.1744
16.5812
15.2752
16.4283
15.9748
16.7531
18.149
16.6257
16.1147
17.6504
17.5952
18.2518
16.3268
16.8963
16.7784
16.2766
16.6182
16.208
17.9709
16.9108
16.7109
16.5604
16.778
17.3588
16.9784
17.2391
16.2681
17.8381
17.7192
17.1795
16.8721
16.3794
15.6261
18.0247
15.8046
16.7175
19.1296
17.5829
16.3953
17.2675
16.6202
16.2728
17.1769
17.4015
17.5848
16.981
17.6977
18.3314
16.2735
16.0086
18.8278
17.272
17.671
18.6382
18.6172
17.617
17.7767
17.3778
16.8658
17.3491
16.1961
16.7924
18.626
17.1187
17.0297
17.4249
17.7093
18.0645
18.0102
16.7263
17.2122
17.0904
17.346
16.1605
17.4042
18.1114
15.7705
16.3523
19.174
16.6783
16.9998
17.6421
17.7253
19.2035
17.9335
17.6166
19.0618
17.3913
18.6034
18.2027
16.0692
15.1192
18.0479
18.2051
17.6851
17.1096
18.6643
19.7421
17.1965
17.7447
18.5925
19.6766
18.5401
15.9555
17.8325
18.6931
16.7169
19.4296
19.1716
16.6421
18.3033
16.4666
17.2973
18.6138
17.8522
19.3318
17.7145
18.7708
18.489
17.6837
16.8188
15.4069
16.7386
17.9564
17.4482
17.1193
18.5594
20.3072
17.8694
19.0475
17.9587
17.7421
17.9568
19.13
17.2961
19.229
16.337
17.4147
17.5928
18.1395
19.8014
18.1488
16.6895
16.8988
19.0331
15.6632
17.184
19.2405
18.0422
16.5712
17.6131
17.7752
19.7103
18.5641
18.1879
16.9916
18.7573
17.7094
19.2222
21.2295
17.4163
18.2432
17.3928
18.075
16.8148
19.9275
18.4636
17.1796
18.7283
18.0932
20.2207
16.7039
19.8124
16.8639
18.1706
18.0774
18.2069
18.2993
17.6403
18.1892
17.8175
19.1542
16.8391
18.3357
19.3124
18.7809
19.3839
18.0869
18.0428
16.5996
18.2313
18.0816
18.2474
20.2711
18.2234
19.7846
18.2774
18.5113
18.4427
19.8871
20.6742
18.097
17.1035
16.6449
19.1322
18.8963
18.4883
17.8874
18.4871
19.1992
19.929
19.2365
17.7396
18.6733
19.4195
18.5648
20.6359
17.7565
19.2999
18.6824
18.4384
18.2082
18.0346
18.9456
21.254
17.8403
18.5758
17.624
19.1303
19.4651
19.3417
18.9012
20.5602
19.3991
17.9087
20.256
18.9031
19.5493
19.4568
17.0731
18.6085
21.2145
19.3705
19.4871
19.3816
18.9402
17.9511
19.0026
20.8635
17.687
18.6543
17.9863
19.8249
18.8924
19.7952
19.3601
18.4692
20.3684
19.8528
18.555
21.1741
19.0703
18.3658
18.5011
20.5575
19.505
18.8635
20.6355
18.6109
18.5517
17.5139
18.8855
19.2896
21.4569
19.1595
20.4077
19.6839
19.5183
20.6959
20.0907
19.3447
20.9402
18.9589
19.7093
20.1105
20.4368
20.0815
20.5354
20.2104
21.3536
18.9386
17.4929
20.7248
19.3686
16.8119
17.7276
19.1077
19.0213
17.7753
19.5838
18.5575
18.5686
20.3437
18.6844
19.0599
18.9567
20.0675
19.7496
21.2546
18.2659
18.2652
19.444
20.1381
20.5539
20.6598
20.4849
19.0128
20.0364
18.7661
18.8612
19.0558
20.2369
18.9116
21.1
20.1621
20.3947
19.0678
20.4435
20.3349
20.6146
19.9743
20.5906
18.6557
18.7698
19.8772
20.1237
18.8747
21.4334
18.4898
19.217
19.4562
21.5449
21.9299
19.0565
18.6327
18.6709
21.1268
20.9464
20.6036
19.6913
19.7558
19.6742
18.5622
21.0394
19.9994
19.7395
20.8312
21.6568
21.1009
21.2807
20.7046
20.3553
20.7571
21.3575
17.589
18.6269
19.8745
20.8342
19.5689
20.8151
20.4162
19.047
20.0679
18.0441
20.2443
21.6075
19.3641
19.7631
19.4264
17.9818
19.7842
20.3742
18.2301
21.9363
20.8819
19.569
20.6969
20.6191
20.5754
20.0413
18.9058
19.8713
20.1868
20.3495
20.2841
20.8314
21.9893
21.1555
21.4175
21.2929
21.0965
20.8561
19.7184
22.1346
20.7679
20.034
20.697
19.8217
21.5088
21.6231
20.5578
20.6349
22.2652
21.1159
20.6598
20.8893
20.1109
21.3013
19.7221
20.2937
21.4441
23.4062
23.1867
19.5114
21.8588
18.9212
22.1408
20.9479
21.3538
22.8564
22.1459
21.655
20.0236
20.2223
21.1006
18.9412
21.7965
22.5132
21.0016
21.5175
22.8124
20.3226
19.7807
20.1564
21.0852
20.7877
20.0952
22.2927
20.6861
21.2042
21.3437
20.3228
22.174
20.8901
20.6743
20.831
21.4066
20.4864
19.9389
20.258
22.3355
21.2794
21.3409
19.2485
19.7836
18.9402
21.3625
23.4729
21.2904
23.2216
20.7184
22.5354
20.0715
20.8361
21.6317
19.992
21.1701
19.4669
21.4756
20.2975
20.5404
20.6101
21.726
23.1486
21.7877
20.7877
21.2424
22.97
21.5016
21.6543
20.9379
22.3504
20.801
23.3071
21.3625
20.6028
19.9885
21.0968
23.4653
21.8704
21.5944
22.7307
22.0955
20.5399
21.4741
23.1345
20.4564
23.6361
23.3817
20.6276
21.647
21.64
21.5656
21.3416
21.2752
22.3391
23.538
22.7956
21.924
22.6599
21.9767
21.1992
21.0375
19.2927
21.188
23.5245
23.2208
21.1493
21.6673
23.1783
20.575
20.9017
22.3629
21.8177
22.4038
22.1618
21.5231
22.0508
20.447
23.2843
22.4359
21.8634
21.7651
23.5233
19.496
22.646
23.3804
21.6513
20.4097
21.2168
21.587
21.8955
21.9568
22.8928
21.8703
21.3351
22.5113
22.3873
22.064
21.4706
21.5299
20.7518
21.1492
22.5006
22.3993
21.9472
23.0961
22.2977
22.6239
20.8484
22.606
22.9626
23.2726
20.1348
22.5945
22.4719
22.3188
19.992
22.4973
23.4645
22.626
22.9753
21.8892
21.8169
22.8635
22.434
23.4539
21.0896
23.6117
22.534
23.6144
23.4345
22.3409
21.5657
22.9773
23.1829
24.4318
21.8703
23.7671
21.8118
21.7504
21.4725
23.0391
22.9314
23.4985
22.5008
21.5866
21.8178
21.9579
22.4838
22.7822
21.3452
22.3848
24.6624
22.4167
21.2533
25.1109
22.7983
24.0155
23.8399
24.7069
22.7776
23.231
22.9571
22.1745
22.2242
23.0723
22.3159
22.7279
21.9901
23.8817
20.7996
22.3496
22.9116
22.623
22.4721
24.0172
23.5379
23.5983
22.9492
22.0109
25.144
23.4543
23.5073
21.0641
22.4947
24.3951
24.5505
23.8064
22.4973
24.9383
22.934
22.5315
24.1144
25.1267
23.2141
22.6509
23.3668
23.2648
22.4861
24.299
24.6348
23.3211
22.4858
23.2823
25.6891
21.6211
23.0919
22.8423
23.6986
22.8369
22.3632
22.1554
22.8903
22.9365
22.7648
22.7871
23.748
23.0706
23.8604
23.7113
24.074
24.1397
22.6417
22.82
23.1762
23.7205
22.652
23.5115
24.0139
24.4444
22.4806
22.6789
23.7281
23.9281
24.2608
25.3899
23.7278
22.6868
25.3518
22.5087
23.979
23.4763
22.868
23.7689
22.1397
22.9609
23.5421
24.5459
23.6702
22.5743
22.8695
23.0971
24.6679
23.2627
23.3699
23.9677
23.9059
22.6766
24.6826
25.3176
24.5358
23.885
23.9993
23.2828
24.9866
25.1943
25.8721
22.482
23.0523
21.7407
24.1445
22.3032
22.5637
24.9071
23.7433
23.8134
23.1135
22.9808
23.7694
24.8127
24.5455
23.4219
22.7885
24.7789
24.5754
23.2962
23.6724
24.0367
23.7511
23.2569
22.9518
23.9205
23.1385
26.0329
25.261
23.8775
24.7987
24.7121
23.5823
23.0584
25.2338
26.2665
22.7974
24.3699
24.0397
22.9546
23.98
22.8549
22.9098
23.5637
25.0874
25.5034
24.9089
25.2973
23.1348
23.1489
24.8026
25.2713
24.1656
24.3595
24.863
25.1978
23.2153
25.09
26.2478
25.3982
23.7616
23.376
26.6889
22.7064
24.2799
23.9256
26.132
23.3
25.3621
25.8212
26.1428
23.0852
25.181
24.8275
25.739
23.666
24.1056
23.7298
25.2448
23.3619
26.1625
23.3683
26.0399
23.9738
24.2943
24.8693
23.6789
23.466
24.7836
24.5309
26.4309
25.4385
25.0924
25.1527
24.302
23.7067
24.8624
23.9813
25.3791
24.8274
24.35
25.3046
24.7339
24.5762
23.5607
25.316
25.2837
26.0492
24.3083
25.397
23.7882
25.6916
23.9359
24.6522
23.637
25.6204
26.7069
24.381
25.4371
25.6815
26.8635
24.1209
23.9126
25.496
22.8507
24.9368
24.0302
25.6288
25.4287
25.189
27.0124
25.5368
24.8478
25.3568
26.6953
24.4033
24.4399
24.7924
25.5977
24.6986
24.3617
24.1567
25.9533
24.7728
25.0435
23.5666
26.9424
23.583
25.5883
26.7456
26.5867
25.6833
24.3338
26.7444
24.3727
27.5543
25.6083
26.1681
25.5373
25.2172
25.1145
26.5183
26.0597
24.4098
26.221
26.7384
25.877
22.9464
24.8381
26.9174
26.1191
25.2257
24.3308
27.1857
26.4705
27.5341
26.6519
25.8233
26.4071
25.9376
25.5168
24.544
25.4038
24.9623
24.4062
25.474
25.5901
25.8403
23.9091
27.3637
25.4596
24.7064
26.6809
25.6931
24.1338
26.0857
26.0211
25.9096
25.751
26.1037
22.9887
26.3792
26.4754
25.3162
25.7881
25.2644
25.8803
25.1893
25.1347
27.7817
24.8139
25.7837
25.8696
26.7409
27.439
26.922
26.3502
25.506
25.3013
27.2917
26.9223
25.3884
25.3575
25.9523
23.6902
25.0638
28.8272
27.4237
26.5512
25.8134
27.4018
25.1703
26.0682
25.6343
23.9388
26.1767
26.694
26.9471
26.1349
26.9188
27.3189
26.3582
25.4908
27.2619
29.1083
25.8329
26.4602
26.0551
26.6921
26.821
25.2969
26.9499
26.2901
25.7867
26.5908
26.8176
26.6398
26.2592
26.5771
26.2477
26.5009
27.7341
25.7157
25.0134
26.3436
27.2952
26.1087
26.7704
26.1454
25.2193
25.8424
27.7655
26.4643
25.161
24.8772
27.7758
27.3302
25.6169
27.1778
27.1455
28.3686
27.6146
27.1547
28.0543
26.3068
26.1308
25.6576
27.6161
27.1976
26.9241
25.3437
26.4051
26.9123
27.419
26.6897
26.9563
27.3234
25.2109
26.0614
25.9985
26.7894
26.7926
26.5793
27.4436
26.7356
28.2889
26.0256
25.9385
27.1886
25.6676
26.2448
26.9817
26.4469
26.5488
28.8091
28.7425
27.3277
28.2303
25.8245
27.9887
26.5619
25.1205
26.6658
26.7794
26.6764
26.097
27.1791
28.0237
26.5064
27.4174
28.8633
29.3019
27.5147
27.7294
27.0576
25.1742
26.522
27.7782
26.8657
26.513
26.5924
26.7769
27.4168
29.1918
28.2866
26.6946
29.7545
26.083
30.0301
28.9075
26.1422
29.1078
27.3622
26.6661
27.9996
27.4602
26.0555
27.3582
26.0223
27.3449
27.7604
28.9923
27.6301
28.8126
28.5868
25.8385
27.3652
28.2184
28.2215
28.1898
29.0267
27.9559
26.5472
29.1096
28.0723
26.9981
27.9503
26.286
27.0018
28.0751
28.5134
27.6873
27.8105
27.392
27.941
28.2831
30.315
28.0197
28.2638
28.3255
27.956
29.11
28.8595
29.1603
28.7411
28.3804
30.0087
27.4385
26.0767
27.0394
28.5911
28.0689
26.2572
27.6714
29.1057
27.5195
27.6372
26.8495
27.3617
27.1104
26.1817
28.3321
26.9428
26.4534
28.1787
28.5151
26.6387
25.8003
27.4783
27.1234
28.7238
27.277
27.3571
27.2152
26.1625
27.103
28.0101
28.6469
28.8891
26.9516
28.2538
29.7176
29.2569
28.3016
28.3066
26.4063
28.0455
29.0976
29.6219
28.6879
28.469
28.1364
26.644
29.4095
26.6764
27.7551
27.4346
29.195
27.6856
26.4633
27.0427
28.0761
27.4971
28.1217
28.8893
29.6961
28.701
27.9242
27.5893
28.4583
28.0045
27.0447
28.6305
29.0288
27.9453
27.6491
28.7117
28.3526
27.8667
28.6302
29.1462
28.8962
29.5163
28.6504
29.8868
29.8247
27.9563
28.7606
27.5029
28.4141
30.2537
24.8955
29.475
26.0689
27.5109
29.2478
29.1607
27.8465
30.6407
26.873
28.9357
28.9265
28.8275
27.5269
30.2464
27.6943
28.0579
30.0013
29.5326
30.1496
29.4369
28.7042
28.3848
30.8156
30.22
28.9308
28.2928
28.4749
27.4226
29.8523
27.911
27.6992
29.0801
30.442
30.1456
29.6212
27.6082
30.3182
28.9122
29.0397
28.7363
30.0799
30.4031
30.4145
29.1041
29.5247
29.3874
27.819
31.0891
29.962
28.8423
30.4194
29.4056
28.5372
28.5308
28.9558
29.2335
29.4506
29.0201
28.332
29.248
28.5769
29.3884
29.6104
27.6521
28.8935
29.035
29.8832
26.9148
29.9843
29.2109
29.1223
28.8345
30.7872
30.8046
29.3632
30.3354
29.7941
29.5421
31.0484
29.7774
28.7191
30.3132
29.0066
29.6917
29.7159
30.0924
28.6562
27.1019
29.8347
30.4046
28.625
28.0197
28.3418
28.5767
28.5544
30.0934
30.022
30.6679
28.8198
30.2967
28.5105
29.7173
29.9322
29.2931
28.8487
31.2154
29.5497
29.5864
29.8453
29.3558
29.0292
29.7252
30.1226
27.8756
28.0074
29.7657
29.693
29.1789
30.5948
29.1976
30.7612
30.0634
30.4231
31.8133
30.2142
30.4434
30.6862
30.5229
28.403
29.8318
28.9757
30.0504
29.7422
30.5725
30.6677
31.2137
27.926
28.2291
29.1957
29.815
31.6518
29.8049
31.8138
29.6346
29.1419
30.6118
31.7156
32.212
30.646
29.3498
29.6667
29.6607
30.2855
29.4754
29.3138
28.7289
29.8233
29.785
27.0907
31.5264
31.157
29.9774
29.3811
31.1637
29.6224
28.8797
30.2799
30.7137
29.5173
30.5064
28.5604
30.3403
30.0631
31.6517
30.3555
28.0983
31.2821
31.9864
29.4937
30.8826
31.2777
30.1502
31.22
29.8937
32.0706
27.1733
31.0324
30.4247
30.9998
30.7277
30.5671
30.8489
28.9844
32.3181
30.0863
31.2639
30.3033
30.4389
30.1677
31.0629
30.583
29.6717
30.3407
32.8159
30.334
31.3158
28.5173
31.4697
31.0864
29.5106
29.7371
31.3991
29.8137
28.7153
32.165
29.3621
30.9777
30.6084
31.9027
29.6657
31.2208
29.4197
31.3082
32.0474
32.0256
31.9108
30.2802
28.41
31.078
30.1424
32.1094
31.1759
32.3133
31.0245
28.928
30.4241
30.4715
30.1707
32.7696
32.7484
30.9087
31.4363
30.1941
30.421
31.1287
30.6893
30.2284
30.8536
30.1673
32.031
31.5248
33.184
30.162
32.043
31.8524
30.928
30.8201
31.9135
32.065
32.251
31.3326
31.3847
31.5195
32.345
32.0151
29.9279
31.1489
30.4433
31.9189
31.2175
32.7402
30.127
30.4771
31.5829
30.7348
31.2342
31.8574
30.9831
30.0687
30.4453
32.2168
33.025
31.428
31.6851
31.8893
31.9707
31.6194
33.0087
33.1503
31.7126
31.2303
32.5124
31.7377
32.257
32.9957
30.8851
32.212
32.2672
32.2231
30.8663
30.5731
33.9351
31.4305
31.487
31.937
33.3403
30.8556
31.8528
29.8521
30.9709
32.6251
31.8279
29.8198
32.8913
31.5192
32.0765
30.6114
34.5007
30.4826
32.0922
32.4348
33.1473
32.2481
32.337
32.0059
33.4173
31.8721
32.2
31.8553
31.572
31.5633
32.9349
32.09
32.3473
31.3953
31.7846
33.0247
31.3889
31.1833
30.9093
33.0691
29.9463
31.1673
30.8854
31.0395
32.2097
31.4064
32.2557
33.1786
32.3145
32.388
33.0885
30.839
31.1815
31.8398
31.8502
32.2669
33.789
29.7194
34.0364
33.48
32.4276
31.426
32.4267
31.9813
32.6081
31.4425
31.1345
31.8186
32.6336
31.6735
30.9108
34.2555
33.1778
31.4457
31.6251
32.6773
31.7294
33.4193
31.1507
32.9399
31.2219
31.6049
34.1523
32.0069
31.3911
32.5036
31.4476
32.7247
33.1265
33.8209
32.672
33.2966
33.4005
33.3349
33.1124
32.4722
33.0519
31.5275
33.481
33.2319
32.6836
31.6373
32.2689
33.6995
32.5167
31.8532
31.7708
32.7457
31.852
32.794
32.2677
31.8429
33.1611
32.3535
33.5301
33.5377
32.5309
33.4505
32.6285
32.5197
31.902
32.7991
31.3264
31.5787
31.918
34.4606
33.8841
31.9746
32.6426
32.6287
34.6988
33.9816
33.0636
33.956
32.5602
32.403
31.8411
33.1994
32.6346
33.5504
33.8218
32.9624
32.7602
33.0582
32.6074
36.528
30.6002
34.0973
34.2019
33.366
32.9434
32.7081
32.7883
32.5169
32.007
34.0417
32.1969
32.616
32.5767
34.8147
33.7607
34.4886
33.3385
33.929
30.6906
32.3602
33.0152
33.6543
33.792
34.0833
33.4155
32.407
33.954
34.3711
34.4421
33.7586
33.0785
33.0203
34.6131
33.591
33.2374
34.8168
33.9681
32.3788
33.8983
33.8863
32.435
32.2219
32.2286
32.0938
32.3678
33.4174
33.5051
32.3588
32.8176
33.8815
33.4825
32.8098
33.1474
33.8141
34.3736
33.1642
31.7466
32.6593
33.766
35.2215
33.0347
33.2618
34.6115
33.9651
34.1684
34.5801
34.7658
33.5921
34.5234
34.0587
34.8218
33.3388
33.1491
35.0444
33.3208
33.3693
34.1698
33.0391
34.0714
33.3065
34.594
34.8424
34.6311
32.2564
34.7394
35.4636
33.815
33.7473
32.5739
31.646
34.9046
33.3207
35.6393
33.8859
35.1856
34.0532
34.2776
35.5212
33.8956
34.3401
33.7661
34.0499
33.8629
32.2229
32.8891
33.6581
33.3384
33.9022
32.6886
35.1651
33.1209
32.5806
32.8138
34.0724
33.0922
33.0851
33.4006
34.8029
33.4654
35.1368
35.2891
33.1411
35.137
35.3468
36.5033
35.218
34.1876
32.4935
32.1686
33.074
34.3329
35.54
33.2078
34.642
35.3533
35.6791
35.3633
34.1034
34.7317
35.128
34.481
33.02
35.6178
35.2109
33.0962
34.8661
35.2017
34.1684
34.319
35.4817
33.3294
35.0952
33.2276
34.9062
34.8028
35.8883
32.8133
34.037
32.7233
35.2481
33.2843
34.1157
35.432
33.9183
35.8977
34.0254
35.0517
35.2899
36.8345
35.2165
35.3804
37.1667
35.6911
36.3463
34.7165
34.1727
36.2392
35.2781
33.7297
36.2716
34.8868
32.539
35.96
34.272
36.9061
35.675
36.2419
35.6493
35.7832
36.1998
35.73
33.8264
36.3384
34.0882
36.1496
33.5884
34.5513
33.4057
33.9693
35.8405
35.7799
34.391
37.1336
34.2108
37.9549
36.3021
33.9364
34.8244
34.5686
33.0166
35.6616
36.4952
32.8336
36.7636
35.3824
35.1501
35.8233
36.9731
37.6528
36.31
34.9244
34.9875
34.888
35.4837
35.277
36.6281
34.1713
36.5718
35.0312
35.9816
35.2893
36.789
36.0722
36.9641
33.7353
35.663
35.2091
36.0473
36.0429
34.7647
35.8402
34.1563
35.3914
35.8553
35.9167
34.7232
33.2566
35.094
36.8679
35.452
31.5808
35.863
34.5131
35.6898
36.6035
34.445
35.248
36.1448
36.0477
35.5757
35.2981
35.3561
36.4648
35.6636
36.6386
33.9796
35.3901
36.7095
35.9305
34.7376
35.6173
36.8818
35.1254
35.4263
36.5662
35.0661
36.1979
36.4241
33.6691
36.035
35.6561
37.5331
36.2879
36.5311
36.8451
37.655
37.2016
36.9364
34.9977
35.9764
35.4572
36.129
36.937
35.8742
37.305
36.2066
36.5033
34.4591
34.4307
36.8349
36.3872
34.8124
35.9554
37.1967
35.704
35.5124
37.2846
36.5785
35.4793
37.4294
37.9578
36.2747
37.7007
36.2764
38.5318
36.8961
37.6998
36.0915
37.6527
34.9793
35.2594
37.4201
35.7391
35.2784
36.5746
34.9624
34.8795
36.3094
35.3908
36.0777
36.1562
36.8079
37.0045
38.1555
36.4507
35.3007
36.6297
36.7307
37.5097
34.8
36.1449
36.5916
36.2315
37.1072
34.5726
36.2364
37.4373
37.6092
36.2566
37.8823
35.2062
35.5995
34.2804
38.5033
37.2684
35.7265
34.3856
35.6383
36.1729
35.9837
36.9904
36.7199
37.577
37.0918
36.6077
37.9435
35.8813
36.5207
35.5435
36.1546
38.5428
37.7039
33.5639
35.8347
37.0751
36.7443
35.5295
37.0127
38.7024
36.766
35.7928
36.2995
35.8134
38.4127
36.3391
37.9654
37.2221
36.6436
34.6621
37.0596
36.9233
37.5883
36.4384
36.7562
37.3848
35.8314
37.5126
34.1915
38.16
37.5035
36.8051
37.0711
36.5608
36.821
36.2205
37.8176
37.9114
35.9632
37.5217
37.6471
35.9992
36.9202
38.1291
38.2184
37.7232
37.5481
38.0413
37.4548
38.8298
35.3682
35.6383
37.7205
36.5912
37.4377
35.2914
37.9287
36.8914
35.9275
37.0765
37.4557
36.8755
38.5807
37.6465
37.6238
37.8323
38.4237
37.5246
37.7799
37.77
37.5647
38.8504
37.5591
37.6912
38.5465
37.1804
37.4004
38.8835
36.2998
36.948
36.28
38.62
37.6786
37.7095
36.994
37.8922
37.0202
39.4586
36.3598
38.0562
37.0998
38.218
37.8303
38.6016
38.8456
36.2954
38.2152
37.7664
36.3205
35.5899
39.073
37.186
37.7576
37.0152
38.1496
38.8651
36.4845
37.263
38.8446
38.515
36.5022
38.7598
38.422
37.7483
37.8706
37.5669
36.618
39.3607
38.965
39.1285
37.6648
39.2121
38.4835
39.0532
38.0015
39.2284
37.3291
37.4706
40.1562
36.355
38.8442
37.279
39.5755
38.1392
38.9836
38.8933
36.7958
38.0361
38.3765
40.0149
37.7868
37.6551
36.4758
38.0592
38.5304
38.5742
37.6921
37.6349
39.0602
37.5718
39.8677
38.0835
38.1098
37.2944
39.3533
39.5573
37.8809
39.2537
39.1386
37.2803
40.3084
39.5443
39.2749
39.1809
37.9243
39.7516
39.2915
38.4603
36.6809
39.433
37.4504
36.9671
39.0413
38.4516
39.2217
38.875
38.429
36.9415
37.4653
38.9191
36.6238
38.2014
38.9874
39.1052
39.1942
39.3141
38.3252
39.6926
38.1663
39.3588
38.5798
37.8992
38.2022
39.7616
37.9671
39.333
40.118
37.5318
37.9386
40.5202
38.6085
38.5411
36.9947
39.5209
38.6778
39.3428
37.2214
38.5411
38.768
38.6507
38.3389
39.9923
40.2484
38.0891
38.3294
39.4819
39.2391
40.0651
38.6237
38.3431
40.0265
40.5211
38.86
36.3719
38.1362
38.2857
39.432
39.3732
39.4758
38.1852
39.514
38.3805
39.9271
39.9955
38.1024
38.44
38.9015
39.9764
40.9928
39.5388
38.7936
40.727
38.5913
38.9238
39.686
41.0059
38.2897
39.2002
39.7731
39.5271
40.1173
39.1345
39.0873
37.5068
37.4395
40.9611
38.8532
39.0929
40.2091
37.8712
39.5545
38.4987
39.8007
38.7967
40.583
39.3161
38.1403
39.7474
40.3261
39.3335
40.5463
40.3085
38.8151
40.4956
37.728
40.5001
36.922
39.4394
40.4777
41.5096
38.3837
39.525
39.1007
40.1461
39.9472
39.0511
39.5969
39.2622
40.7157
38.7513
39.8494
38.777
40.0116
40.0021
37.5917
42.1888
38.9742
39.1154
40.6945
40.5157
39.7509
39.4713
39.5834
40.6177
38.5761
40.0715
40.2527
38.4949
42.1611
39.5244
39.048
38.5324
39.0927
41.1821
40.2819
38.0663
39.2468
39.8968
40.4263
40.8226
41.0627
40.666
40.8049
39.9494
40.8524
41.955
40.8469
40.1798
41.1376
42.8801
39.2773
41.2262
40.9841
40.6308
40.0092
39.6671
40.498
40.6223
40.0076
40.1909
39.1574
41.3068
39.4064
40.6366
40.1455
38.2812
39.4537
40.1994
40.6746
40.9828
38.5565
40.6996
41.5028
40.6809
40.5402
40.4935
40.6199
40.6925
40.7317
40.7195
39.9047
40.962
41.8243
40.6388
39.5872
38.5757
40.6563
40.845
40.3267
42.2493
40.1121
40.3776
39.9235
43.3241
38.2204
40.4333
41.0468
39.6694
41.3219
41.0098
40.4572
42.6205
39.8233
40.8569
40.2238
40.6412
40.5699
40.7966
41.3136
41.1501
40.8573
41.2894
39.2177
39.9857
41.0934
40.12
39.4151
41.7736
41.4339
41.0383
39.6404
40.1303
40.8669
39.5089
41.5578
41.4922
40.7291
41.515
41.3619
41.7611
41.5729
40.7841
40.026
42.02
42.3107
42.937
41.2418
43.044
40.0505
39.5452
42.7447
40.4949
39.7885
41.4455
41.2781
40.6341
41.4195
41.0809
39.2753
40.7001
41.8995
40.931
41.3292
40.9582
41.4283
39.4257
40.8936
41.4963
41.4181
40.9947
40.3936
41.2226
42.3553
41.3199
42.6598
41.5621
42.077
42.6171
41.6094
41.1695
39.5729
40.8188
40.5544
43.2693
42.6812
40.2854
39.1279
42.4338
41.271
41.089
42.8113
41.6599
41.3526
40.4278
41.7185
40.4114
42.0753
40.5358
42.2716
42.7813
41.6013
41.3313
40.0102
42.4172
40.6861
40.738
41.1671
40.8791
41.4922
41.1849
42.0741
42.5928
40.4331
41.0668
41.7293
41.0496
41.9012
42.4976
42.1583
41.8719
40.8069
41.1642
43.2763
42.3099
41.282
41.3992
40.5657
41.8947
43.0719
41.8994
41.1975
39.2966
41.4849
43.1295
42.5222
42.8489
41.984
42.6095
43.5408
40.9791
43.3874
42.7351
43.5235
41.7887
42.0256
42.2533
40.7863
41.2102
44.1868
41.5277
41.8076
42.3303
42.1775
42.6747
39.9267
43.1098
40.8722
41.0153
43.7093
43.4748
42.4063
42.1988
41.0319
40.7391
44.0851
41.8101
41.806
43.586
40.4121
43.8873
41.8505
42.0748
40.4643
39.8925
41.9788
41.0438
42.4021
42.5652
43.3109
41.2474
41.734
41.4703
40.508
41.3636
41.8809
41.4897
41.2367
42.2097
40.6186
43.3409
43.1847
42.1354
40.5885
43.2796
40.6568
40.5135
42.1699
41.0548
42.2062
42.1772
39.5365
42.5905
42.5804
43.1234
43.2214
42.2602
40.388
42.1081
40.7336
42.7102
42.896
42.9421
42.2354
41.1335
42.1148
42.7855
42.1887
42.6207
41.9857
43.8442
41.9595
41.541
42.3232
41.7794
41.2438
41.1191
42.1243
41.5281
41.1455
43.6775
43.2035
42.1508
41.1735
41.0883
41.4237
42.8634
43.3616
40.9533
41.6411
39.8447
42.0108
44.1289
41.7555
42.3389
41.5312
42.5036
42.3605
41.1636
42.7474
42.8059
42.522
44.0345
42.3208
42.0285
41.9908
41.2533
42.0563
41.0716
41.8028
44.5326
42.749
40.6523
42.0065
41.1777
41.9728
41.9401
43.4766
41.0272
43.3014
42.7227
42.5583
40.5584
41.6113
42.7001
42.1711
40.8554
41.9925
42.5473
42.385
42.3484
43.7417
42.4712
41.5509
41.1387
41.6774
40.2716
41.9368
42.2342
42.0126
43.1916
41.4998
41.6849
40.9363
41.5531
41.3938
40.7893
41.136
40.6468
42.7412
42.4024
41.1545
42.3636
42.1626
42.4515
43.1411
42.564
41.8015
41.9477
42.5619
40.2727
42.8047
44.8739
40.7555
42.3254
42.3745
43.9474
41.7228
41.5893
42.1688
41.1505
42.0758
42.052
41.6944
41.6214
41.4058
42.9866
42.0337
41.5024
40.9507
41.9303
42.4267
43.5528
42.5827
40.9911
43.8153
43.3983
39.7413
41.7739
40.3791
41.8961
41.3071
42.2216
42.0156
40.8479
42.3378
42.0951
42.9114
42.8735
42.8343
42.4446
44.1239
42.4618
40.0597
41.3451
42.6661
41.9602
43.3168
43.711
39.7803
41.985
43.1415
41.718
40.7715
43.1894
40.6813
42.0549
44.395
42.0305
42.4175
43.158
42.3907
42.7917
41.96
44.1178
42.3296
41.3474
40.7121
42.155
41.8235
43.453
41.0818
41.8905
41.2206
43.4085
42.9952
42.608
42.6533
42.9722
41.2294
40.8924
42.2152
40.7105
43.4673
39.1273
42.6724
44.1215
40.8876
41.9387
41.794
41.5675
42.6514
42.8364
42.0629
42.296
42.0791
41.1869
41.5583
42.6021
41.0074
39.6211
42.076
43.0462
43.699
41.9831
43.1662
40.5583
42.0009
43.2514
42.1267
43.1638
42.0894
42.5026
42.2854
43.1416
41.7045
41.7872
41.5742
42.4255
41.372
41.2607
42.1813
41.2485
41.6278
42.2461
41.0507
41.8851
42.4563
41.9589
43.1793
40.4329
41.4312
41.4458
41.5733
41.0901
41.6403
41.8214
43.0186
41.4728
42.6934
41.2448
40.7742
42.2405
40.3951
41.9999
41.2072
41.4455
41.6315
42.7222
42.6619
42.5242
42.1674
41.9935
42.1296
42.8602
41.5505
41.9698
40.6269
40.5373
40.9993
42.8948
41.6734
42.4937
43.4698
40.543
42.6976
42.8921
43.4998
42.1307
42.944
41.5829
43.204
41.5897
40.725
42.096
42.0305
41.8741
42.0343
42.6105
42.1578
42.7793
42.6381
41.1689
42.9168
42.8247
44.6278
40.3658
41.9122
41.9048
41.3863
42.4724
41.2773
41.8559
42.027
42.0748
42.8852
42.8437
41.73
41.1993
43.0321
41.7276
40.4089
41.7333
41.3525
42.14
42.5175
41.9278
42.2749
39.5627
41.2652
42.3863
42.1249
42.8717
43.7546
41.2361
42.955
41.1593
43.4797
41.9603
42.4949
40.043
40.9997
41.3425
41.4454
42.6694
43.1481
42.1518
41.0879
40.3909
44.0179
43.2163
42.5211
40.9382
42.1978
42.0658
42.3703
42.4009
41.0284
42.4442
43.016
42.3003
43.5423
41.9404
42.8338
41.5928
41.3705
40.5744
41.748
40.8086
41.6332
42.9411
40.5029
42.7618
42.9689
42.8629
43.2049
40.7786
42.5089
42.7494
40.3352
42.1804
40.8587
42.0312
43.3752
42.1418
41.1271
42.7869
40.3729
41.994
40.9074
42.1849
39.3117
41.5922
40.1909
42.709
41.6738
41.8374
41.5932
40.2294
42.8595
41.666
42.9249
42.1369
40.8069
42.9937
39.5435
42.4645
41.4893
41.9705
41.8999
41.9336
40.8032
42.3204
42.2951
43.2367
42.3457
43.2418
41.6836
42.3829
42.013
41.4145
43.2927
42.308
42.4668
45.2489
41.4791
43.6811
41.9515
42.9764
42.4191
41.9935
41.8135
40.6519
41.7727
41.5217
42.5868
40.725
42.3369
41.5992
41.4382
40.9568
40.6834
41.5633
43.2361
42.6348
41.0288
42.8572
42.7284
40.5715
40.9193
41.7613
42.8167
43.271
43.3686
42.1114
42.9294
42.4074
40.8257
41.1627
42.4759
42.3001
42.4697
41.6741
42.6763
42.2396
42.6414
42.4762
40.8593
41.4743
41.6801
42.9322
41.3332
41.672
42.9694
41.692
43.569
41.7592
40.9982
40.7826
43.3192
43.5517
40.6404
41.8647
39.6941
42.5681
42.6995
41.9921
41.8016
43.9841
42.4242
42.3963
43.9044
41.3713
43.4641
42.6381
40.2401
43.33
41.6689
43.2591
41.9521
42.251
41.3513
42.6379
39.5916
42.2454
40.6135
41.4757
43.4603
41.7397
41.647
42.2895
43.1802
43.799
41.0868
40.4278
41.4481
42.4095
41.6218
42.7072
42.5282
42.1719
42.1592
43.4945
41.8367
42.0818
42.1718
41.3871
41.4554
41.4901
42.1136
40.7129
43.812
42.8298
43.4365
40.2162
41.429
40.3302
42.469
41.7429
42.1828
41.2415
43.2996
40.8396
41.3485
40.4056
42.1256
40.3651
43.1581
42.7382
41.6534
42.33
43.2971
41.4688
42.7828
41.4896
40.5435
41.1631
43.0804
43.4204
42.4356
41.5958
42.3284
40.8895
43.2935
41.7245
43.6057
41.6469
44.4358
42.1436
41.6867
42.7071
41.7445
40.8112
42.0493
41.5
41.2638
41.956
40.8774
42.4547
40.461
42.1048
41.8489
41.977
42.6712
40.1745
41.3852
42.5056
41.601
40.9073
41.7157
43.1225
41.5402
42.9519
42.7287
43.1969
41.3932
43.2293
40.9175
41.5318
41.4061
42.0912
41.3207
41.1532
41.8126
40.5035
43.3131
43.6521
41.0179
42.2694
42.0603
41.5185
42.8067
42.7109
41.9641
43.5022
41.3163
41.4262
41.6514
41.5827
41.1039
42.3176
41.2086
42.8781
42.5147
43.054
41.5298
40.9663
40.8242
40.8408
40.8768
42.419
41.7584
42.753
40.6974
43.5159
43.0191
41.9361
42.5478
41.1491
41.0634
42.3315
43.8261
42.5105
43.7217
41.5392
43.1718
41.6184
42.6387
41.4647
42.8605
40.898
44.7925
42.235
41.4856
41.7917
41.1956
43.2131
42.8793
40.9177
40.1227
42.6657
43.3725
42.4978
42.1233
41.9383
41.0404
42.0067
43.3474
40.5022
41.9906
42.6583
42.3835
42.9754
42.7251
42.1132
42.221
41.1867
42.2184
40.6868
39.9913
40.9646
43.4422
42.3746
40.3858
43.0568
41.5977
42.1161
40.9513
43.6971
41.7346
42.4946
43.0139
42.7579
41.2048
41.568
44.1847
42.8725
41.1974
42.0725
40.448
41.7225
40.3854
41.6941
41.3259
41.0173
41.1944
41.585
41.7583
41.9198
40.6289
42.0502
41.2088
43.0736
41.4572
43.142
42.4498
40.2428
42.7482
40.6629
40.7572
41.5355
41.7674
42.1758
41.0486
41.6124
41.6907
41.9985
42.8479
42.9494
40.7803
41.6046
41.193
42.6405
43.5733
41.0508
44.1417
42.6097
42.5971
42.7363
41.7673
41.1631
42.9534
43.3916
43.1186
42.4105
42.2655
42.6107
42.3266
42.7365
40.1872
41.9637
40.818
40.8375
42.2477
42.764
43.1681
40.5251
41.8092
41.2553
42.3559
41.9809
41.8701
40.985
44.0937
42.4799
40.7539
42.6615
43.3012
39.9693
40.7731
43.6744
42.1343
40.6924
42.4889
41.3396
42.8448
41.1437
39.9539
42.4949
42.8649
40.4769
40.3299
43.1928
42.4654
41.2434
41.4516
40.7531
40.6204
41.0029
43.0099
42.5711
42.0584
41.5533
42.3368
42.5121
41.9861
41.6835
42.6815
42.7372
41.6525
43.1248
41.5878
43.1139
41.8645
40.1345
42.5985
42.4781
41.9434
41.6402
42.3588
41.844
43.4068
42.7906
43.4483
41.0661
41.5639
42.7358
43.4805
42.1945
42.4121
43.1706
41.0612
41.7738
41.398
42.507
40.9739
41.7221
43.0994
43.3728
40.2454
41.4748
41.2456
42.5116
41.0071
42.9104
40.5585
42.6965
43.2553
42.4762
43.2294
40.4659
42.4332
39.6702
40.5764
41.5946
41.7059
41.9716
43.2287
41.8204
42.0258
41.094
41.2134
42.0253
39.9927
43.8982
42.3246
43.3727
42.132
41.7833
41.9708
42.1859
42.9466
41.8746
44.0952
42.5052
41.82
41.8148
39.8631
41.6081
42.3752
44.129
43.0043
41.8782
43.0687
39.9198
41.2527
42.6179
40.5536
40.6705
40.9928
41.4021
42.1992
42.2316
41.428
41.545
41.943
42.6545
42.9902
42.7759
42.7767
42.4311
40.3534
41.6681
43.7377
41.9053
43.0664
42.015
42.7008
43.8593
41.2092
41.0804
43.3882
40.7105
42.6715
41.1302
41.3129
42.1397
42.5433
41.1644
44.0499
42.0538
42.649
43.0283
43.3199
42.4679
42.8494
41.2239
41.8249
41.2075
44.3625
42.7832
43.543
42.2483
40.9467
40.8464
42.0422
39.858
41.0971
41.8249
41.8704
42.038
42.9899
42.8377
42.21
41.1406
42.0543
40.5199
41.5737
41.5446
43.757
41.176
41.8349
43.1446
41.8346
43.0102
43.3708
41.4892
42.8413
40.9635
42.0464
42.2598
41.7139
42.0503
42.38
43.5323
43.2562
42.4499
42.3978
43.299
43.8242
41.5488
41.2969
41.4704
42.1464
41.7148
42.845
40.8786
41.8192
42.4574
41.929
42.2961
42.5545
41.633
40.9855
43.7713
42.2885
41.4105
41.1808
40.3073
43.1952
42.8507
42.9359
42.392
42.2103
42.1964
41.8889
43.0166
41.4515
41.903
43.9063
42.9125
42.4557
41.9627
43.444
40.855
42.4433
42.7778
41.7348
41.6602
40.7122
42.7064
42.4879
41.4621
41.045
43.334
42.7182
43.1053
43.2075
42.8539
41.6841
42.1098
40.648
42.4146
42.4031
43.034
41.753
41.9647
42.8039
41.7071
41.9437
40.8715
41.3773
41.8837
41.8138
43.1487
43.7196
43.5303
41.803
41.5016
40.822
41.7795
41.5878
42.1099
42.0049
42.5251
41.4428
41.8358
41.1089
41.5534
42.0658
44.2299
41.045
41.6545
42.0499
42.4861
41.9143
44.0809
43.4975
42.5706
40.8643
41.7268
41.3718
43.2696
41.7198
39.9009
42.95
41.2461
42.4257
43.627
42.8026
41.327
42.5204
43.4999
42.3139
42.7084
41.3178
43.0727
43.5153
43.2304
41.5296
39.7934
42.2362
43.6666
42.2752
41.384
42.9585
42.8836
41.6543
41.3801
43.6724
42.4834
42.8452
40.8587
42.6728
42.2152
43.4776
42.176
40.9098
40.8686
41.0476
42.9405
42.3509
41.3744
43.1101
41.6342
42.0535
42.6114
42.0361
43.8654
41.4635
40.6667
41.9991
42.934
42.5392
40.6434
42.5924
43.1106
43.0179
40.4124
41.4216
43.7759
42.4926
40.004
40.7542
43.2618
41.6085
43.3025
40.9712
43.2673
41.2383
43.7944
40.8885
43.9122
40.5778
40.7269
42.0593
42.0019
41.6196
41.6752
43.006
41.0426
42.1081
41.2678
40.4425
42.0801
40.973
42.5954
42.4663
41.2666
42.3099
41.242
41.3484
43.4942
41.8291
40.3586
41.3628
43.2548
41.5634
41.0865
40.1125
40.5288
41.0866
42.0012
43.1373
42.2002
40.9085
42.9984
40.5062
42.036
41.6292
42.5384
41.9955
43.323
40.9526
43.0076
41.5273
41.7702
41.5502
42.7498
42.783
42.0531
41.9264
41.7901
42.0832
41.317
42.5989
40.0166
41.3846
42.2067
41.6317
40.479
41.1227
41.7134
41.1804
41.9853
42.5044
41.5381
40.9614
41.3896
41.0747
40.9514
41.5366
42.106
41.7731
41.6213
39.7296
43.3656
42.4431
42.5528
42.8553
41.3801
43.6004
42.6676
41.3803
41.8636
43.5871
41.3535
42.2008
42.8581
42.5867
43.1131
42.004
42.2494
40.3816
43.3093
42.043
41.3568
41.5076
41.8256
42.1111
40.9977
41.098
42.5643
40.3326
42.1171
39.5165
42.48
41.7362
41.4851
43.3898
41.7803
42.7058
42.4101
42.0915
42.5767
42.9248
42.0342
41.8415
40.9401
42.3572
41.7265
42.9614
42.1578
42.1801
41.09
42.1457
40.3265
41.4852
42.5759
41.6795
42.4923
41.5758
41.9133
41.6536
41.064
41.7886
42.5092
42.6463
41.0389
44.7633
43.6235
41.06
41.4996
41.5344
43.952
41.5255
41.1066
42.9384
43.0381
42.4297
42.4183
40.4847
41.4252
41.0518
43.7628
41.5933
40.5695
42.1436
40.2992
41.6502
43.4816
41.3354
42.1535
43.5285
42.1295
42.7458
42.4221
41.6665
42.5236
42.1382
41.8334
42.0425
41.5652
41.3694
39.9002
42.3461
43.186
41.9508
44.2743
41.2114
41.8318
42.5543
41.2367
43.8888
41.1094
42.3223
43.7837
43.6355
43.3787
42.4414
42.0507
42.4938
41.5459
42.0905
41.4173
42.7568
41.9233
41.51
43.1754
44.5217
40.4329
41.1236
42.4017
42.2032
43.488
42.1
42.1246
42.8088
42.3657
42.8586
41.937
43.5074
41.7051
41.5305
43.4649
42.873
43.2068
43.689
42.8596
41.2155
41.1319
42.4824
42.2694
41.3602
41.1761
43.0765
41.7441
41.8164
42.599
42.0528
40.6724
44.1407
44.4685
43.4699
42.5393
42.0254
40.106
42.2771
40.8741
42.488
42.2999
42.3196
41.6711
43.2877
42.3757
41.3406
43.9722
42.8945
40.4399
40.9378
41.8716
42.0006
43.4047
43.4984
41.3581
42.7669
39.7671
41.1225
42.859
41.97
43.2353
43.6464
41.2961
40.7814
42.2399
42.4171
42.8375
42.6656
43.5085
39.6694
43.0587
41.3337
41.8232
42.3824
42.1563
43.7627
41.7517
42.6428
39.9386
42.2481
43.868
43.3185
41.4801
40.8422
43.3154
41.2608
41.1903
43.4928
42.1756
41.0031
43.0244
41.7842
41.4612
39.7989
40.82
43.2326
41.1175
41.5734
41.1409
41.5454
40.2419
40.0785
42.3617
43.0592
42.6825
40.8605
42.5224
41.1114
42.3915
41.8018
42.4006
41.07
40.7557
41.8437
41.5491
40.6392
41.8958
43.2385
38.9893
41.6021
41.2374
42.822
42.0274
41.6758
43.208
41.8637
41.7131
41.9298
42.5936
41.5984
42.2616
44.7663
40.936
43.7969
44.4807
41.6081
41.7793
42.2772
42.9839
43.9487
42.3495
42.0881
39.8025
42.3768
43.2739
41.1295
43.1136
43.647
43.0408
41.8101
42.0644
41.9599
41.8242
42.991
41.5978
40.4573
42.4627
41.0896
41.9468
42.5393
42.3953
42.3989
41.988
41.6634
41.8397
40.7539
42.7485
41.7214
40.2135
40.94
43.7726
42.3847
43.0696
44.3075
41.374
42.2288
42.9749
41.5961
41.8873
42.0745
42.9186
43.8079
41.1095
42.3542
42.5384
42.437
41.5793
41.6711
41.8356
42.3613
40.6012
40.9039
43.0476
44.1215
39.8915
43.0436
42.0252
41.2298
42.792
41.8663
40.7326
42.5282
42.678
42.052
41.1529
39.489
42.6537
41.8531
42.4667
40.7017
43.6827
43.1533
43.2552
42.3826
41.8148
39.8747
42.6023
42.4914
42.0254
42.7437
44.2809
42.58
42.3683
41.0151
41.6084
42.2089
42.1079
39.3451
42.1649
40.7405
41.9223
43.0872
43.3344
41.4936
40.0548
41.9725
41.9165
40.2823
41.1042
42.7118
42.6713
42.1607
40.9963
42.3813
40.603
39.5143
42.5734
42.5614
43.2231
43.2285
42.5211
41.3547
41.6225
42.391
40.9978
42.88
42.8398
42.1253
44.4954
41.7445
42.8238
43.5387
42.1956
42.6525
41.2931
43.1278
44.005
43.2697
42.2005
41.6575
42.8092
42.0749
43.4507
42.858
42.268
41.7932
41.8396
41.6583
41.6091
41.1568
41.5546
43.4178
42.1818
40.8855
42.4997
41.3599
40.9075
41.9379
43.5422
41.7529
43.0727
42.3573
41.3524
41.0985
41.7011
43.7007
41.9541
40.8525
40.9045
43.3527
41.5727
42.1174
42.3469
42.309
41.2941
41.9852
41.3075
42.3976
39.9767
40.7883
42.0778
40.8148
41.0636
42.2054
43.424
43.0336
40.7487
41.213
44.1984
43.3193
41.3523
41.1066
41.6022
41.9072
42.2965
42.6132
42.4113
42.2211
42.5258
43.2298
42.5155
41.6614
43.66
40.4653
40.5652
41.3362
43.2774
42.6084
42.3466
42.9853
43.9064
42.6493
43.0353
42.1686
39.8899
41.6753
41.7442
42.8002
42.3002
39.6299
42.7583
41.9605
42.9843
41.8929
43.0198
42.7183
41.5795
44.605
42.8178
41.4586
41.4627
42.9836
42.3164
42.2486
43.9432
44.0148
41.649
41.9942
44.9824
43.8014
43.6069
40.9837
39.9568
40.2211
42.5937
42.2621
41.2649
42.4359
42.6469
43.0279
42.8829
40.9622
41.4562
42.7126
42.1639
43.0954
43.1313
43.6599
40.951
40.9904
40.9305
43.3981
42.3523
41.6668
40.776
41.8218
42.8443
43.3667
42.741
41.399
41.9828
44.2731
40.359
41.2607
41.1555
43.4483
40.4098
42.0416
42.6664
42.6454
40.6276
42.527
42.8508
42.308
42.7036
42.0316
42.4476
43.2306
42.5277
41.508
40.1228
42.12
41.5815
42.0726
40.8333
42.1828
42.4078
41.4151
39.8911
42.3347
42.9931
43.6075
40.1471
41.3584
41.5009
42.6721
42.082
42.6899
41.3949
41.0595
41.8552
42.0559
41.5345
41.6893
42.4798
41.1746
41.7029
40.6048
41.6711
42.4214
43.0719
41.4233
43.7374
42.7658
42.2487
41.2915
41.2976
42.1221
43.15
43.0747
41.9425
40.9471
41.8779
41.2889
44.0045
41.061
43.5974
41.6487
40.6067
44.3084
42.5637
42.3269
42.344
42.9026
42.1684
42.576
42.3888
43.0238
43.8388
43.7112
41.9242
42.147
43.0244
42.3757
41.6317
42.5195
40.9545
41.9244
43.1212
41.9657
40.2277
42.0564
42.8907
41.3593
41.9295
41.5742
43.1365
41.3053
42.5018
41.2491
41.5804
41.3927
40.7999
43.6291
38.9417
41.5338
43.3525
41.6351
40.9854
42.408
43.9525
40.9985
40.9556
42.5841
43.5011
40.649
41.0434
41.3221
41.9751
41.3785
42.3678
41.2102
42.0765
43.7653
41.0895
42.8276
42.7414
41.4356
42.955
43.1057
42.9949
42.9233
42.886
42.1823
42.6639
42.3227
43.3949
40.9231
40.2606
40.6363
41.6517
41.7245
42.3155
43.0754
41.9395
42.6821
42.285
42.2201
42.8338
42.0652
41.7987
42.6059
40.8673
42.1946
43.3598
42.099
41.3122
42.2755
41.1061
42.1391
42.4465
42.2075
41.4667
40.8947
41.5559
42.4005
42.34
40.6929
40.8653
41.4766
39.4313
42.0338
42.9454
42.6713
41.2859
41.4323
43.6147
41.7569
40.9525
39.9195
43.4634
40.6207
43.2051
40.7314
41.7729
41.1785
42.2508
41.8292
42.898
42.6578
42.4424
42.9365
40.5
41.4372
42.4529
42.0776
40.938
42.768
42.0741
42.3211
42.7044
41.8552
41.6087
40.5488
41.245
42.1563
42.2366
42.44
41.0113
41.2725
42.325
43.0432
42.1136
42.4911
41.7972
43.688
42.2243
41.6276
42.8343
42.8785
42.0921
41.6832
43.1515
42.2395
41.733
42.1999
42.7391
44.3849
42.7878
40.5474
42.2712
41.0603
41.2443
43.4598
41.4482
42.3615
43.5035
41.3937
42.4792
40.7781
41.0942
40.544
42.1843
43.072
43.4611
42.2137
44.5264
42.785
42.4047
42.2417
43.6532
42.796
44.0938
42.9569
43.4328
43.5495
42.5127
43.1795
42.6806
42.9574
43.5326
44.054
41.4987
44.181
43.0588
43.7713
42.8146
43.4451
42.9014
42.9206
43.565
42.5038
42.6558
42.8567
42.6052
43.9716
40.8807
44.4739
42.4844
41.0475
40.8346
43.8333
42.4741
41.3745
43.2126
43.5151
42.4123
43.7468
44.7803
43.2877
43.1991
43.2181
42.3429
43.1909
44.8668
43.2198
43.2165
44.678
42.5579
42.7455
43.38
44.5481
43.7667
43.0776
41.4703
41.5116
42.0867
43.6357
43.5291
41.1629
43.8192
41.2724
41.8026
43.0414
44.8055
44.0233
44.9052
41.5663
44.7532
43.8771
43.3443
44.7047
41.0686
43.7201
43.1115
43.0186
43.5202
42.7459
44.882
42.6741
44.1071
41.1474
43.1787
43.774
41.6156
42.1003
41.2801
43.7558
42.393
42.3316
41.1993
43.0083
44.5516
43.7399
43.0199
43.6234
41.4933
42.1655
43.3984
41.977
42.1784
43.9027
41.6399
43.6754
44.4379
42.1315
44.1747
42.8914
41.2563
44.6256
41.8652
42.1818
43.131
43.0625
41.6881
42.8208
41.3033
41.6684
42.6093
43.1371
41.576
43.1063
44.2027
40.4481
41.4234
42.7324
43.1261
43.3885
42.1819
43.4264
42.7173
43.1117
43.453
44.5828
43.3045
43.3242
45.1918
42.9383
42.843
42.8754
42.1609
43.361
42.3312
43.2343
42.668
43.4546
43.0837
44.3755
43.002
43.4174
42.5243
42.269
42.0852
42.9616
42.4915
43.5198
43.2547
43.1468
43.3973
40.3426
43.777
43.2342
42.1524
41.8049
43.3112
42.0905
42.9477
42.6429
41.9248
42.1281
42.653
45.6497
44.071
42.8509
42.4293
44.4007
44.3086
42.9083
44.2332
41.7056
42.2593
42.4129
44.331
43.5807
42.4651
42.8793
42.0653
42.7613
44.3358
44.242
41.1093
42.6228
43.9059
45.475
41.4248
42.8742
45.1663
43.75
43.6385
41.5206
42.0998
42.8065
41.3624
43.5683
42.8089
42.2053
43.3494
42.9779
42.3694
43.2156
43.0822
43.6445
44.2123
44.1383
43.3241
42.9573
42.1458
42.5126
42.1433
42.4716
44.7212
44.0618
41.6863
44.8966
44.7174
42.5763
44.3947
43.0115
42.6231
41.7025
44.2018
42.1053
40.9331
43.3621
43.8033
44.7026
43.7404
45.0023
42.2529
43.7191
42.0919
43.0632
43.2706
43.5903
42.5222
43.2338
44.1664
43.8136
44.1518
45.5077
43.4674
42.2446
42.3538
42.22
43.9919
45.2469
41.5864
43.5986
43.3218
44.3839
43.4827
43.1846
43.2623
41.4915
43.6962
44.2372
44.7443
41.1797
42.2017
42.6866
42.709
42.9242
42.1318
42.8941
41.6316
42.4664
43.445
43.8432
42.867
41.1845
42.5061
44.2385
44.1874
44.5015
42.8055
41.7847
41.2216
43.8001
42.7379
43.2276
42.8708
42.3624
43.2864
42.2439
43.5911
44.7019
42.5682
44.1824
42.696
43.6892
42.0713
41.3085
41.3144
42.4572
43.7301
40.8743
42.7843
39.7421
42.392
43.8484
42.2827
42.7739
43.2857
42.228
41.3253
42.2955
43.4079
43.0154
42.9854
43.8419
43.3945
43.8595
42.0898
42.9662
43.2258
43.7501
44.4815
42.7209
43.1982
43.1187
42.1785
42.6572
42.3838
42.7105
44.3618
41.9285
42.6604
43.1391
42.873
42.3526
41.6975
43.1758
42.0633
41.1306
41.8584
43.7523
41.1001
41.4179
42.1056
43.285
43.988
43.6233
41.1757
44.8891
42.1557
42.9776
43.7485
42.5071
42.0067
43.7532
44.6728
44.2194
43.2105
42.6441
42.4236
42.7672
41.3337
41.1525
41.9343
45.1893
42.8156
42.3299
44.3528
42.3987
44.316
44.394
40.881
42.7182
44.0867
44.6813
40.9768
41.4608
44.2671
41.9012
42.5556
42.985
42.6659
43.55
41.6424
42.5064
43.5007
43.5264
42.8617
42.8007
42.6076
43.1591
41.8403
42.4228
42.5747
42.6124
44.2203
42.0496
42.603
44.16
42.321
43.126
43.6703
44.0718
43.5137
43.9808
42.5786
43.7823
42.326
43.7622
43.3729
42.3318
43.2038
40.9277
42.5981
43.1591
43.4338
43.6485
42.4667
44.0454
42.8244
44.242
43.6083
43.7904
42.3604
40.9352
41.8989
43.3502
41.9074
44.1025
44.1999
44.3503
42.9585
42.3508
42.8249
43.8782
41.3138
40.5301
43.3732
42.7252
45.1875
44.1798
43.3482
43.3308
42.5633
41.9467
41.1521
41.186
43.4837
43.7459
42.8761
43.9879
44.3243
43.9178
44.3478
42.1405
42.4525
42.608
42.8321
42.3317
42.8505
41.7954
42.3286
42.9594
42.3507
41.9867
41.431
43.0517
43.5957
43.6411
43.4686
43.7
41.0809
41.7382
41.4725
43.1917
42.91
43.5102
43.5395
44.506
43.7642
42.6677
41.4467
43.0055
41.1016
43.5963
43.4978
42.9376
44.2051
43.8118
42.5003
42.5589
43.2118
41.5633
44.9491
42.9948
43.5379
42.1093
41.9763
42.5331
44.2319
44.2036
43.7009
44.508
43.8677
44.8972
41.8749
42.1712
43.8563
43.3883
42.8797
43.6511
43.7771
43.2014
43.4118
43.2787
42.4745
43.7912
42.7648
43.0085
43.3995
43.7788
40.9653
43.4497
42.7893
40.4468
43.5535
43.983
43.1618
42.9848
43.7373
44.8517
42.4967
42.6046
42.6711
42.3496
43.2614
44.7819
43.4333
45.2544
44.924
42.4631
42.5987
41.331
42.3701
43.2024
42.834
43.4176
40.9369
44.9967
43.3458
43.581
43.3282
43.0251
43.9532
41.4114
44.5244
44.2238
43.6303
42.2305
42.9855
43.0042
42.0295
42.7643
42.6427
42.327
43.7935
42.7024
44.3872
42.3968
42.2868
43.3777
42.3071
43.1216
42.8199
42.8446
44.2987
45.6628
44.3052
42.7054
42.4441
42.2053
41.5523
42.5751
44.7335
42.9393
43.4472
42.3518
43.5837
42.7846
41.6386
43.5867
41.2222
43.3589
43.4881
44.1584
42.9361
43.019
42.3633
42.6186
43.7175
41.9214
43.3791
42.6472
45.9363
44.4082
43.4727
42.34
44.9487
42.9291
43.6491
46.0626
44.3353
43.763
42.6056
44.3996
42.0115
43.6089
43.4374
42.5807
43.5388
42.3898
44.8808
44.3862
43.6842
43.079
43.2446
43.0293
43.6618
42.7535
42.2211
44.7007
42.724
43.3847
43.9436
41.9977
45.5084
43.5528
41.7533
44.1098
44.1257
45.5139
42.6111
42.7693
43.7708
41.8722
42.9305
42.3304
43.929
43.3545
42.3577
43.7851
42.2157
42.3884
42.6152
43.788
42.5309
44.0753
42.3636
44.7773
43.2535
41.3839
43.8421
44.4153
43.0302
43.2414
42.4141
42.5793
42.5129
44.7696
42.1818
42.7563
43.0575
44.1424
43.4209
43.1052
44.1719
43.6132
44.9928
42.4107
43.5589
45.3315
43.7966
42.5299
43.1695
42.7709
42.443
43.3737
41.8498
42.5073
43.5344
41.3359
43.2088
42.3472
43.4547
43.6671
43.5157
43.509
43.5069
42.508
42.9716
39.9487
43.1894
42.5265
41.7975
41.9724
41.4475
43.7785
41.8803
44.4502
42.9741
43.7767
43.4828
43.5124
42.5247
41.0191
42.5652
41.1055
42.8874
43.9581
42.303
42.6473
41.5245
43.8496
43.8503
44.782
41.1159
42.0729
43.09
44.1027
44.8402
42.7554
43.7892
43.4504
43.402
42.8996
42.9105
44.9953
43.9474
42.979
41.4212
43.1355
42.2831
43.7911
43.6285
42.8343
44.9866
42.1347
44.1062
43.5575
42.7384
43.7972
44.4643
43.2587
42.8892
42.6546
42.8787
44.1916
43.0923
42.3433
41.762
45.2419
41.3765
41.9754
43.1213
43.2856
43.1299
44.0617
43.7427
43.4859
43.1137
42.2141
42.9133
42.0221
42.6102
42.077
43.3114
42.627
42.8808
44.0629
42.3221
42.5294
43.0286
42.2408
41.2346
43.9181
45.3308
42.6797
42.8066
41.5225
42.8916
42.546
43.0732
44.4712
41.3255
43.9037
44.5631
44.5134
43.483
41.683
43.4757
43.5525
42.149
41.3748
45.9686
42.3874
41.131
41.9457
43.702
43.8231
43.9653
43.1222
42.6904
42.3229
43.1833
40.6277
41.4553
43.6195
43.4128
41.8655
42.7177
41.3344
43.3054
44.0772
43.1224
42.9903
42.6992
42.2835
43.0895
42.7768
42.3938
45.2684
43.2735
45.093
42.3048
42.3744
43.7291
41.7824
44.2733
42.5156
43.4751
42.6341
43.2161
41.8957
41.2062
44.6042
44.006
43.376
42.1232
43.3064
41.8309
42.5452
41.6695
43.9922
40.9205
43.052
43.7383
42.0088
43.0891
42.7686
42.9125
43.169
42.523
43.284
43.8614
43.9182
42.3998
42.983
43.3745
42.7199
42.0902
42.7414
41.9965
42.0243
43.5472
42.7769
42.1125
42.8916
43.4185
41.9291
41.6061
42.4851
41.2628
43.719
44.599
43.7631
43.8602
42.504
42.4286
41.5556
42.4378
44.4484
43.3547
42.267
43.2768
42.0932
43.1651
42.9636
43.5495
41.9715
40.9709
42.9265
42.9799
43.2641
42.0955
42.6209
42.8405
43.204
44.2924
42.1366
42.2055
42.0958
42.6122
43.2415
42.6506
43.8908
42.736
42.1351
43.8385
43.3147
42.5973
43.0834
42.8452
42.5596
42.2871
42.2914
41.988
42.3357
41.4116
44.1983
43.9131
43.4323
44.4402
43.4396
42.1344
41.9552
43.0109
42.1697
42.0322
42.9631
42.7021
44.6274
43.7987
43.3324
42.9268
43.3516
43.6192
40.9851
45.0968
41.7491
42.954
42.2821
41.4884
43.1401
42.8777
42.1493
41.579
42.4054
43.1229
45.5943
44.3257
43.0055
40.9605
44.3387
42.3302
42.6493
43.57
44.0541
44.8836
43.0089
43.1096
42.7511
41.6016
41.8252
41.9095
42.7361
43.8709
40.7814
42.4274
41.1456
42.7536
41.1689
42.775
43.1065
43.4858
43.8997
42.6614
43.0876
42.8862
44.0085
42.6978
42.8054
43.6861
43.3007
42.4428
42.4427
43.6993
43.4365
40.7012
44.2562
43.4784
43.1108
41.238
43.128
42.0736
41.9537
43.2993
43.1072
42.0442
44.0038
41.6123
41.6695
42.0252
43.5862
43.9327
42.9341
41.6371
42.7407
43.7939
43.608
41.3172
41.6142
42.9724
42.9827
45.7519
41.1446
43.1552
43.8658
42.7913
42.946
43.0393
42.1321
41.7674
42.8077
44.1962
42.711
42.8707
42.1222
45.0457
42.5084
41.5028
41.3164
44.4393
42.7139
41.9802
41.2175
43.2196
43.1847
42.373
43.8942
41.7431
42.5233
44.1086
42.5118
41.1453
42.8097
43.0134
43.6171
44.8013
42.422
42.579
43.1568
42.6402
43.9316
43.3762
42.7061
41.7133
43.6579
45.113
43.2543
42.1443
42.9835
43.9984
43.3912
43.5912
42.9813
40.7452
43.7866
44.1432
42.4487
42.0369
43.4213
43.5105
43.5287
42.9685
44.3949
44.2044
43.9701
42.3574
42.6875
41.8675
42.3285
44.0888
45.3838
43.89
43.1316
43.7002
44.2881
43.027
43.0639
42.2587
45.2845
43.7186
44.1405
45.0381
42.8391
43.3737
42.6675
44.142
42.6588
42.5593
41.8681
43.5101
42.4554
43.3477
43.3424
41.3649
43.6548
45.0976
42.9191
44.4455
42.2126
42.9388
42.1279
41.6781
41.721
43.0082
43.7996
43.4812
45.5821
41.6987
42.2473
43.6383
44.3327
42.6647
42.6388
42.7897
42.9342
42.9215
43.283
43.1549
43.4302
44.5894
42.3249
42.4113
42.0213
44.3368
43.0985
42.7209
41.2428
41.9107
41.9988
44.9582
42.7798
43.8362
40.8156
41.8631
42.6647
42.3364
42.8049
43.9281
45.1567
43.8981
44.4303
42.249
43.7591
44.1201
45.2415
43.6851
44.3858
42.9115
43.5755
43.497
42.2361
41.8471
42.4888
42.334
43.1734
42.9704
42.6399
44.1901
44.0295
43.6574
42.4233
43.9349
42.41
42.6714
43.5197
42.9878
41.8518
43.8975
41.6353
42.32
42.1102
42.5114
44.3924
44.4204
42.3827
42.7022
42.3534
44.6208
44.5416
43.0752
41.1823
41.5742
43.4666
41.1676
43.817
42.0586
42.4508
43.4344
43.6329
42.5948
43.2525
42.3268
44.093
41.0971
42.4446
43.7625
41.871
42.4832
43.5007
43.4617
43.0965
42.215
42.5795
42.2838
44.4273
43.3215
41.9299
43.2438
41.7831
43.3855
42.5732
43.5262
42.6324
42.6851
42.7673
42.3702
41.518
43.3526
42.9567
42.129
43.1903
42.1504
44.672
44.391
44.1742
42.0108
41.6463
42.8192
43.9424
42.7863
42.9038
43.063
43.0979
42.5064
43.5417
43.072
41.1722
42.2198
42.249
41.0206
42.7175
42.587
43.3449
40.6719
43.8143
42.8187
43.2796
43.0136
42.3984
43.6428
42.0132
43.0937
42.2538
42.2573
43.3743
42.5018
44.5233
42.9359
43.6203
41.8358
44.2782
42.1219
44.3668
41.8449
43.0902
43.3446
41.6783
42.7334
43.594
42.3223
42.899
43.1938
41.9236
40.8602
42.5464
42.7678
42.2869
44.0782
43.7557
42.5958
44.8641
43.0814
43.6292
43.2341
41.6678
42.85
43.8617
41.9865
45.5439
43.419
43.0941
41.3546
42.8111
42.1485
42.7905
41.7445
43.1653
44.1584
44.2708
44.0979
43.6356
41.8645
41.6225
43.6149
43.0026
43.0124
41.956
43.1089
43.9667
43.5751
43.4082
39.8086
43.0171
42.475
43.2081
41.0196
42.8398
42.0095
43.0968
44.912
42.4238
43.4158
41.2568
41.4288
43.1382
44.7408
43.2282
42.0512
42.7469
43.5925
43.0129
44.5971
42.3206
42.1497
43.4183
43.5427
41.0174
42.8449
43.5331
41.5228
43.404
43.01
43.5761
43.5417
42.9341
43.7187
44.9976
41.5884
42.203
41.7356
43.9492
43.9233
42.6351
41.1174
44.319
41.9934
42.6081
41.8975
42.4323
43.6845
42.8463
42.195
43.119
42.2777
43.5911
43.4734
42.5824
44.5244
42.2325
41.3939
43.1259
42.3247
41.0383
40.9109
43.785
43.6435
43.0009
43.1122
43.8672
45.8684
43.0788
42.9601
42.5266
42.0008
42.4895
43.0944
42.5159
44.1065
42.6485
41.3321
41.9052
43.4275
42.1821
43.6405
43.9081
41.0838
42.9615
42.4948
42.7883
43.7491
43.1819
41.0716
41.6384
42.2461
44.7567
42.4649
44.3194
42.8068
41.5135
41.7271
42.4065
42.9539
43.103
41.7848
42.1619
44.1908
43.9171
42.1708
42.839
42.7119
46.0266
42.9067
43.5164
43.7731
42.8418
41.8579
43.2504
41.3911
43.1197
41.2762
43.4489
44.3742
45.0274
42.4805
41.2916
43.2391
42.6302
43.5182
43.218
44.9445
42.5034
42.8097
42.3063
42.4898
45.2964
41.8194
42.4421
42.5483
43.2296
43.422
43.2523
43.0865
44.6313
43.3849
43.9138
43.0875
44.2125
43.4119
43.9398
43.4128
43.4445
42.8718
43.4917
42.4157
42.0535
43.0197
42.5548
44.1072
40.5839
43.0964
42.8627
42.0233
43.3512
44.647
41.9315
41.94
42.2672
42.2751
43.647
42.7068
42.7338
42.3629
44.6069
42.4919
43.8682
44.273
44.8484
44.2009
44.2698
44.1456
44.0948
44.5361
43.1572
43.3776
42.7527
41.8851
43.636
40.8469
43.9405
42.9399
45.0535
42.4559
41.4545
42.0014
44.7735
43.1745
42.3006
42.5731
43.4178
42.0662
44.0239
42.3135
42.616
44.0503
43.4193
43.2531
42.8676
43.2762
43.4041
42.9379
41.6534
43.8027
43.0976
43.48
44.1795
44.522
41.8304
43.1808
41.9606
43.1681
42.2424
43.3973
45.0327
44.0977
42.3269
42.6978
42.2921
42.5265
42.7113
42.9546
43.8567
44.5394
41.5069
40.9748
43.7105
43.0671
45.045
42.9995
43.0778
42.5957
43.5818
42.1016
41.905
43.5139
44.1238
44.227
42.381
42.1537
43.9715
43.0509
44.4418
42.7077
42.3635
43.9124
41.1192
42.8228
42.7116
42.3574
44.3856
43.9459
43.431
40.8142
42.3229
44.0555
42.9159
42.6286
44.2116
43.7049
44.1373
43.3643
43.4144
42.6942
44.2621
41.5674
44.337
43.5676
42.1797
44.9294
40.1296
41.9761
44.1768
43.424
42.3228
42.2529
42.9004
43.0313
44.3254
43.6986
44.0204
43.2725
45.2994
44.2319
41.5334
43.5808
43.026
43.5366
44.482
40.6388
42.7344
43.8192
42.7336
43.0717
42.5024
40.9636
42.7401
42.967
42.4029
43.6846
41.786
43.9035
42.2386
42.8147
44.5372
42.4478
42.7545
43.298
43.1986
42.4825
43.0754
43.2076
42.1556
43.7344
42.7003
43.7939
41.5599
42.6706
41.4623
43.3042
42.4207
43.1992
44.4553
42.0918
43.2796
42.9852
43.0012
42.821
42.4748
44.0333
40.7644
43.1447
43.681
42.6502
42.3218
42.7801
43.5137
43.3814
41.6845
42.4034
41.7985
44.2858
43.1018
43.3378
43.0424
43.0454
42.6064
44.2299
42.8171
41.2363
41.2735
43.8068
42.412
43.7442
41.1253
42.9676
42.684
41.8959
44.3674
42.0354
41.9882
43.0906
43.6424
41.3249
44.6544
42.5411
42.9865
41.9407
44.4689
43.452
41.9387
42.2896
44.1958
43.2396
44.0903
41.7091
43.9554
43.6265
44.4885
42.0776
44.1709
43.1033
43.6655
43.2888
43.5071
43.9417
44.2887
43.6527
42.3326
42.8728
43.9366
42.8083
43.2824
44.523
41.6801
42.9809
42.0557
42.8183
40.7627
43.0393
42.3795
42.9164
43.0051
42.1057
42.7492
43.5564
41.9401
43.5876
43.7865
43.2141
44.2554
40.9431
44.365
42.6179
41.6375
40.8282
42.2444
45.4508
42.4411
42.8396
44.8909
43.4358
43.6644
43.9305
43.2591
45.0023
44.4247
42.5084
43.0249
44.2381
42.1817
44.0718
43.2946
43.5555
43.1229
42.7109
42.7192
45.3996
43.5924
42.2539
41.9323
44.4467
41.9722
45.1138
44.5394
42.4065
43.1387
44.5602
42.7591
42.2578
41.7893
42.2817
43.7856
43.0315
42.771
42.3662
42.9284
43.6478
41.5968
41.972
42.9531
44.1966
44.0296
43.3866
45.0353
42.6596
41.2224
41.6101
42.5765
41.3288
43.591
43.4131
42.9158
42.915
43.0326
42.8626
43.1213
43.6203
43.9643
42.8987
44.0862
41.8838
43.0696
43.1102
44.5943
42.7759
42.6861
43.5504
43.6478
42.3945
43.6975
43.4941
43.1993
43.7222
41.5896
44.7713
41.2198
42.9937
43.7215
42.5486
42.5636
42.7677
42.1971
42.985
42.9735
41.9451
43.654
42.5668
42.9968
42.5958
42.5888
42.8787
44.894
43.1603
42.1898
42.4411
45.4014
43.2963
44.5906
42.2608
43.9966
43.2238
42.229
43.1332
42.6346
43.2185
42.9391
42.3687
41.6391
42.8084
42.1306
40.2679
43.669
41.799
43.7919
40.429
42.4733
40.9567
44.6643
42.3048
42.2472
43.9298
44.1914
41.4239
45.4795
41.3775
43.2691
43.2818
42.8918
42.2794
42.9089
42.5014
43.0388
44.219
42.0668
42.3886
42.3437
44.2433
44.6468
42.9166
42.568
42.9721
41.7505
44.3033
42.2495
41.486
43.2434
43.5106
41.0351
42.8811
44.8193
42.4083
42.3406
43.9238
43.1161
43.5339
44.7964
42.3421
43.9148
42.7742
42.6974
43.5207
42.5151
42.9326
43.6563
43.0252
40.9438
42.0512
43.2782
43.5576
41.6869
41.5923
42.7444
43.7876
41.7919
45.0226
41.0924
42.5531
41.879
42.7245
42.387
41.1884
42.0234
42.6384
43.4456
43.3527
43.0045
41.9487
43.5218
45.0428
43.2462
43.1731
43.1487
42.8721
43.7507
44.0419
42.2046
43.6372
41.6598
42.871
41.9543
42.8094
43.4532
42.3256
43.1825
42.5539
42.501
44.2132
42.231
46.3354
43.9553
43.2789
41.5105
45.0761
43.2397
42.4268
42.8541
42.0249
42.4378
43.7506
42.8906
43.0096
42.6502
42.2716
42.2641
44.445
